50	82	1	2
82	114	-1	2
114	210	1	2
210	242	-1	2
242	274	1	2
274	434	-1	2
434	530	1	2
530	562	-1	2
776	2024	2	2
784	2024	2	4
784	2024	2	5
2050	2146	1	1
2146	2242	-1	1
2242	2530	1	1
2530	2626	-1	1
2626	2722	1	1
2722	3202	-1	1
3202	3490	1	1
3490	3586	-1	1
3800	9720	2	1
3800	9720	2	4
3800	9720	2	5
3800	7000	2	2
9720	10000	1	0
9760	10000	2	1
9760	10000	2	2
9760	10000	2	4
9760	10000	2	5
10050	10110	1	4
10110	10170	-1	4
10170	10350	1	4
10350	10410	-1	4
10410	10470	1	4
10470	10770	-1	4
10770	10950	1	4
10950	11010	-1	4
11030	11090	1	5
11090	11150	-1	5
11150	11330	1	5
11330	11390	-1	5
11390	11450	1	5
11450	11750	-1	5
11750	11930	1	5
11930	11990	-1	5
13800	19624	2	1
12216	19624	2	4
12216	19624	2	5
19624	19910	1	0
19670	19910	2	1
19670	19910	2	2
19670	19910	2	4
19670	19910	2	5
19970	20002	1	2
20002	20034	-1	2
20034	20130	1	2
20130	20162	-1	2
20162	20194	1	2
20194	20354	-1	2
20354	20450	1	2
20450	20482	-1	2
20696	21944	2	2
20704	21944	2	4
20704	21944	2	5
21970	22066	1	1
22066	22162	-1	1
22162	22450	1	1
22450	22546	-1	1
22546	22642	1	1
22642	23122	-1	1
23122	23410	1	1
23410	23506	-1	1
23720	29640	2	1
23720	29640	2	4
23720	29640	2	5
23720	26920	2	2
29640	29920	1	0
29680	29920	2	1
29680	29920	2	2
29680	29920	2	4
29680	29920	2	5
29970	30030	1	4
30030	30090	-1	4
30090	30270	1	4
30270	30330	-1	4
30330	30390	1	4
30390	30690	-1	4
30690	30870	1	4
30870	30930	-1	4
30950	31010	1	5
31010	31070	-1	5
31070	31250	1	5
31250	31310	-1	5
31310	31370	1	5
31370	31670	-1	5
31670	31850	1	5
31850	31910	-1	5
33720	39544	2	1
32136	39544	2	4
32136	39544	2	5
39544	39830	1	0
39590	39830	2	1
39590	39830	2	2
39590	39830	2	4
39590	39830	2	5
39890	40050	1	2
40050	40082	-1	2
40082	40178	1	2
40178	40306	-1	2
40306	40402	1	2
40616	41864	2	2
40624	41864	2	4
40624	41864	2	5
41890	42370	1	1
42370	42466	-1	1
42466	42754	1	1
42754	43138	-1	1
43138	43426	1	1
43640	49560	2	1
43640	49560	2	4
43640	49560	2	5
43640	46840	2	2
49560	49840	1	0
49600	49840	2	1
49600	49840	2	2
49600	49840	2	4
49600	49840	2	5
49890	50190	1	4
50190	50250	-1	4
50250	50430	1	4
50430	50670	-1	4
50670	50850	1	4
50870	51170	1	5
51170	51230	-1	5
51230	51410	1	5
51410	51650	-1	5
51650	51830	1	5
53640	59464	2	1
52056	59464	2	4
52056	59464	2	5
59464	59750	1	0
59510	59750	2	1
59510	59750	2	2
59510	59750	2	4
59510	59750	2	5
59810	59970	1	2
59970	60002	-1	2
60002	60098	1	2
60098	60226	-1	2
60226	60322	1	2
60536	61784	2	2
60544	61784	2	4
60544	61784	2	5
61810	62290	1	1
62290	62386	-1	1
62386	62674	1	1
62674	63058	-1	1
63058	63346	1	1
63560	69480	2	1
63560	69480	2	4
63560	69480	2	5
63560	66760	2	2
69480	69760	1	0
69520	69760	2	1
69520	69760	2	2
69520	69760	2	4
69520	69760	2	5
69810	70110	1	4
70110	70170	-1	4
70170	70350	1	4
70350	70590	-1	4
70590	70770	1	4
70790	71090	1	5
71090	71150	-1	5
71150	71330	1	5
71330	71570	-1	5
71570	71750	1	5
73560	79384	2	1
71976	79384	2	4
71976	79384	2	5
79384	79670	1	0
79430	79670	2	1
79430	79670	2	2
79430	79670	2	4
79430	79670	2	5
79730	79762	1	2
79762	79826	-1	2
79826	79890	1	2
79890	79954	-1	2
79954	80050	1	2
80050	80082	-1	2
80082	80146	1	2
80146	80242	-1	2
80456	81704	2	2
80464	81704	2	4
80464	81704	2	5
81730	81826	1	1
81826	82018	-1	1
82018	82210	1	1
82210	82402	-1	1
82402	82690	1	1
82690	82786	-1	1
82786	82978	1	1
82978	83266	-1	1
83480	89400	2	1
83480	89400	2	4
83480	89400	2	5
83480	86680	2	2
89400	89680	1	0
89440	89680	2	1
89440	89680	2	2
89440	89680	2	4
89440	89680	2	5
89730	89790	1	4
89790	89910	-1	4
89910	90030	1	4
90030	90150	-1	4
90150	90330	1	4
90330	90390	-1	4
90390	90510	1	4
90510	90690	-1	4
90710	90770	1	5
90770	90890	-1	5
90890	91010	1	5
91010	91130	-1	5
91130	91310	1	5
91310	91370	-1	5
91370	91490	1	5
91490	91670	-1	5
93480	99304	2	1
91896	99304	2	4
91896	99304	2	5
99304	99590	1	0
99350	99590	2	1
99350	99590	2	2
99350	99590	2	4
99350	99590	2	5
99650	99682	1	2
99682	99746	-1	2
99746	99810	1	2
99810	99874	-1	2
99874	99970	1	2
99970	100002	-1	2
100002	100066	1	2
100066	100162	-1	2
100376	101624	2	2
100384	101624	2	4
100384	101624	2	5
101650	101746	1	1
101746	101938	-1	1
101938	102130	1	1
102130	102322	-1	1
102322	102610	1	1
102610	102706	-1	1
102706	102898	1	1
102898	103186	-1	1
103400	109320	2	1
103400	109320	2	4
103400	109320	2	5
103400	106600	2	2
109320	109600	1	0
109360	109600	2	1
109360	109600	2	2
109360	109600	2	4
109360	109600	2	5
109650	109710	1	4
109710	109830	-1	4
109830	109950	1	4
109950	110070	-1	4
110070	110250	1	4
110250	110310	-1	4
110310	110430	1	4
110430	110610	-1	4
110630	110690	1	5
110690	110810	-1	5
110810	110930	1	5
110930	111050	-1	5
111050	111230	1	5
111230	111290	-1	5
111290	111410	1	5
111410	111590	-1	5
113400	119224	2	1
111816	119224	2	4
111816	119224	2	5
119224	119510	1	0
119270	119510	2	1
119270	119510	2	2
119270	119510	2	4
119270	119510	2	5
119570	119634	1	2
119634	119666	-1	2
119666	119730	1	2
119730	119858	-1	2
119858	119890	1	2
119890	119922	-1	2
119922	119954	1	2
119954	120050	-1	2
120050	120082	1	2
120296	121544	2	2
120304	121544	2	4
120304	121544	2	5
121570	121762	1	1
121762	121858	-1	1
121858	122050	1	1
122050	122434	-1	1
122434	122530	1	1
122530	122626	-1	1
122626	122722	1	1
122722	123010	-1	1
123010	123106	1	1
123320	129240	2	1
123320	129240	2	4
123320	129240	2	5
123320	126520	2	2
129240	129520	1	0
129280	129520	2	1
129280	129520	2	2
129280	129520	2	4
129280	129520	2	5
129570	129690	1	4
129690	129750	-1	4
129750	129870	1	4
129870	130110	-1	4
130110	130170	1	4
130170	130230	-1	4
130230	130290	1	4
130290	130470	-1	4
130470	130530	1	4
130550	130670	1	5
130670	130730	-1	5
130730	130850	1	5
130850	131090	-1	5
131090	131150	1	5
131150	131210	-1	5
131210	131270	1	5
131270	131450	-1	5
131450	131510	1	5
133320	139144	2	1
131736	139144	2	4
131736	139144	2	5
139144	139430	1	0
139190	139430	2	1
139190	139430	2	2
139190	139430	2	4
139190	139430	2	5
139490	139554	1	2
139554	139586	-1	2
139586	139650	1	2
139650	139778	-1	2
139778	139810	1	2
139810	139842	-1	2
139842	139874	1	2
139874	139970	-1	2
139970	140002	1	2
140216	141464	2	2
140224	141464	2	4
140224	141464	2	5
141490	141682	1	1
141682	141778	-1	1
141778	141970	1	1
141970	142354	-1	1
142354	142450	1	1
142450	142546	-1	1
142546	142642	1	1
142642	142930	-1	1
142930	143026	1	1
143240	149160	2	1
143240	149160	2	4
143240	149160	2	5
143240	146440	2	2
149160	149440	1	0
149200	149440	2	1
149200	149440	2	2
149200	149440	2	4
149200	149440	2	5
149490	149610	1	4
149610	149670	-1	4
149670	149790	1	4
149790	150030	-1	4
150030	150090	1	4
150090	150150	-1	4
150150	150210	1	4
150210	150390	-1	4
150390	150450	1	4
150470	150590	1	5
150590	150650	-1	5
150650	150770	1	5
150770	151010	-1	5
151010	151070	1	5
151070	151130	-1	5
151130	151190	1	5
151190	151370	-1	5
151370	151430	1	5
153240	159064	2	1
151656	159064	2	4
151656	159064	2	5
159064	159350	1	0
159110	159350	2	1
159110	159350	2	2
159110	159350	2	4
159110	159350	2	5
159410	159442	1	2
159442	159474	-1	2
159474	159506	1	2
159506	159538	-1	2
159538	159570	1	2
159570	159666	-1	2
159666	159794	1	2
159794	159826	-1	2
159826	159922	1	2
160136	161384	2	2
160144	161384	2	4
160144	161384	2	5
161410	161506	1	1
161506	161602	-1	1
161602	161698	1	1
161698	161794	-1	1
161794	161890	1	1
161890	162178	-1	1
162178	162562	1	1
162562	162658	-1	1
162658	162946	1	1
163160	169080	2	1
163160	169080	2	4
163160	169080	2	5
163160	166360	2	2
169080	169360	1	0
169120	169360	2	1
169120	169360	2	2
169120	169360	2	4
169120	169360	2	5
169410	169470	1	4
169470	169530	-1	4
169530	169590	1	4
169590	169650	-1	4
169650	169710	1	4
169710	169890	-1	4
169890	170130	1	4
170130	170190	-1	4
170190	170370	1	4
170390	170450	1	5
170450	170510	-1	5
170510	170570	1	5
170570	170630	-1	5
170630	170690	1	5
170690	170870	-1	5
170870	171110	1	5
171110	171170	-1	5
171170	171350	1	5
173160	178984	2	1
171576	178984	2	4
171576	178984	2	5
178984	179270	1	0
179030	179270	2	1
179030	179270	2	2
179030	179270	2	4
179030	179270	2	5
179330	179362	1	2
179362	179394	-1	2
179394	179426	1	2
179426	179458	-1	2
179458	179490	1	2
179490	179586	-1	2
179586	179714	1	2
179714	179746	-1	2
179746	179842	1	2
180056	181304	2	2
180064	181304	2	4
180064	181304	2	5
181330	181426	1	1
181426	181522	-1	1
181522	181618	1	1
181618	181714	-1	1
181714	181810	1	1
181810	182098	-1	1
182098	182482	1	1
182482	182578	-1	1
182578	182866	1	1
183080	189000	2	1
183080	189000	2	4
183080	189000	2	5
183080	186280	2	2
189000	189280	1	0
189040	189280	2	1
189040	189280	2	2
189040	189280	2	4
189040	189280	2	5
189330	189390	1	4
189390	189450	-1	4
189450	189510	1	4
189510	189570	-1	4
189570	189630	1	4
189630	189810	-1	4
189810	190050	1	4
190050	190110	-1	4
190110	190290	1	4
190310	190370	1	5
190370	190430	-1	5
190430	190490	1	5
190490	190550	-1	5
190550	190610	1	5
190610	190790	-1	5
190790	191030	1	5
191030	191090	-1	5
191090	191270	1	5
193080	198904	2	1
191496	198904	2	4
191496	198904	2	5
198904	199190	1	0
198950	199190	2	1
198950	199190	2	2
198950	199190	2	4
198950	199190	2	5
199250	199346	1	2
199346	199378	-1	2
199378	199410	1	2
199410	199474	-1	2
199474	199506	1	2
199506	199538	-1	2
199538	199730	1	2
199730	199762	-1	2
199976	201224	2	2
199984	201224	2	4
199984	201224	2	5
201250	201538	1	1
201538	201634	-1	1
201634	201730	1	1
201730	201922	-1	1
201922	202018	1	1
202018	202114	-1	1
202114	202690	1	1
202690	202786	-1	1
203000	208920	2	1
203000	208920	2	4
203000	208920	2	5
203000	206200	2	2
208920	209200	1	0
208960	209200	2	1
208960	209200	2	2
208960	209200	2	4
208960	209200	2	5
209250	209430	1	4
209430	209490	-1	4
209490	209550	1	4
209550	209670	-1	4
209670	209730	1	4
209730	209790	-1	4
209790	210150	1	4
210150	210210	-1	4
210230	210410	1	5
210410	210470	-1	5
210470	210530	1	5
210530	210650	-1	5
210650	210710	1	5
210710	210770	-1	5
210770	211130	1	5
211130	211190	-1	5
213000	218824	2	1
211416	218824	2	4
211416	218824	2	5
218824	219110	1	0
218870	219110	2	1
218870	219110	2	2
218870	219110	2	4
218870	219110	2	5
219170	219266	1	2
219266	219298	-1	2
219298	219330	1	2
219330	219394	-1	2
219394	219426	1	2
219426	219458	-1	2
219458	219650	1	2
219650	219682	-1	2
219896	221144	2	2
219904	221144	2	4
219904	221144	2	5
221170	221458	1	1
221458	221554	-1	1
221554	221650	1	1
221650	221842	-1	1
221842	221938	1	1
221938	222034	-1	1
222034	222610	1	1
222610	222706	-1	1
222920	228840	2	1
222920	228840	2	4
222920	228840	2	5
222920	226120	2	2
228840	229120	1	0
228880	229120	2	1
228880	229120	2	2
228880	229120	2	4
228880	229120	2	5
229170	229350	1	4
229350	229410	-1	4
229410	229470	1	4
229470	229590	-1	4
229590	229650	1	4
229650	229710	-1	4
229710	230070	1	4
230070	230130	-1	4
230150	230330	1	5
230330	230390	-1	5
230390	230450	1	5
230450	230570	-1	5
230570	230630	1	5
230630	230690	-1	5
230690	231050	1	5
231050	231110	-1	5
232920	238744	2	1
231336	238744	2	4
231336	238744	2	5
238744	239030	1	0
238790	239030	2	1
238790	239030	2	2
238790	239030	2	4
238790	239030	2	5
239090	239122	1	2
239122	239218	-1	2
239218	239250	1	2
239250	239282	-1	2
239282	239346	1	2
239346	239410	-1	2
239410	239442	1	2
239442	239570	-1	2
239570	239602	1	2
239816	241064	2	2
239824	241064	2	4
239824	241064	2	5
241090	241186	1	1
241186	241474	-1	1
241474	241570	1	1
241570	241666	-1	1
241666	241858	1	1
241858	242050	-1	1
242050	242146	1	1
242146	242530	-1	1
242530	242626	1	1
242840	248760	2	1
242840	248760	2	4
242840	248760	2	5
242840	246040	2	2
248760	249040	1	0
248800	249040	2	1
248800	249040	2	2
248800	249040	2	4
248800	249040	2	5
249090	249150	1	4
249150	249330	-1	4
249330	249390	1	4
249390	249450	-1	4
249450	249570	1	4
249570	249690	-1	4
249690	249750	1	4
249750	249990	-1	4
249990	250050	1	4
250070	250130	1	5
250130	250310	-1	5
250310	250370	1	5
250370	250430	-1	5
250430	250550	1	5
250550	250670	-1	5
250670	250730	1	5
250730	250970	-1	5
250970	251030	1	5
252840	258664	2	1
251256	258664	2	4
251256	258664	2	5
258664	258950	1	0
258710	258950	2	1
258710	258950	2	2
258710	258950	2	4
258710	258950	2	5
259010	259042	1	2
259042	259138	-1	2
259138	259170	1	2
259170	259202	-1	2
259202	259266	1	2
259266	259330	-1	2
259330	259362	1	2
259362	259490	-1	2
259490	259522	1	2
259736	260984	2	2
259744	260984	2	4
259744	260984	2	5
261010	261106	1	1
261106	261394	-1	1
261394	261490	1	1
261490	261586	-1	1
261586	261778	1	1
261778	261970	-1	1
261970	262066	1	1
262066	262450	-1	1
262450	262546	1	1
262760	268680	2	1
262760	268680	2	4
262760	268680	2	5
262760	265960	2	2
268680	268960	1	0
268720	268960	2	1
268720	268960	2	2
268720	268960	2	4
268720	268960	2	5
269010	269070	1	4
269070	269250	-1	4
269250	269310	1	4
269310	269370	-1	4
269370	269490	1	4
269490	269610	-1	4
269610	269670	1	4
269670	269910	-1	4
269910	269970	1	4
269990	270050	1	5
270050	270230	-1	5
270230	270290	1	5
270290	270350	-1	5
270350	270470	1	5
270470	270590	-1	5
270590	270650	1	5
270650	270890	-1	5
270890	270950	1	5
272760	278584	2	1
271176	278584	2	4
271176	278584	2	5
278584	278870	1	0
278630	278870	2	1
278630	278870	2	2
278630	278870	2	4
278630	278870	2	5
278930	278994	1	2
278994	279058	-1	2
279058	279090	1	2
279090	279122	-1	2
279122	279154	1	2
279154	279186	-1	2
279186	279218	1	2
279218	279250	-1	2
279250	279282	1	2
279282	279314	-1	2
279314	279346	1	2
279346	279442	-1	2
279656	280904	2	2
279664	280904	2	4
279664	280904	2	5
280930	281122	1	1
281122	281314	-1	1
281314	281410	1	1
281410	281506	-1	1
281506	281602	1	1
281602	281698	-1	1
281698	281794	1	1
281794	281890	-1	1
281890	281986	1	1
281986	282082	-1	1
282082	282178	1	1
282178	282466	-1	1
282680	288600	2	1
282680	288600	2	4
282680	288600	2	5
282680	285880	2	2
288600	288880	1	0
288640	288880	2	1
288640	288880	2	2
288640	288880	2	4
288640	288880	2	5
288930	289050	1	4
289050	289170	-1	4
289170	289230	1	4
289230	289290	-1	4
289290	289350	1	4
289350	289410	-1	4
289410	289470	1	4
289470	289530	-1	4
289530	289590	1	4
289590	289650	-1	4
289650	289710	1	4
289710	289890	-1	4
289910	290030	1	5
290030	290150	-1	5
290150	290210	1	5
290210	290270	-1	5
290270	290330	1	5
290330	290390	-1	5
290390	290450	1	5
290450	290510	-1	5
290510	290570	1	5
290570	290630	-1	5
290630	290690	1	5
290690	290870	-1	5
292680	298504	2	1
291096	298504	2	4
291096	298504	2	5
298504	298790	1	0
298550	298790	2	1
298550	298790	2	2
298550	298790	2	4
298550	298790	2	5
298850	298914	1	2
298914	298978	-1	2
298978	299010	1	2
299010	299042	-1	2
299042	299074	1	2
299074	299106	-1	2
299106	299138	1	2
299138	299170	-1	2
299170	299202	1	2
299202	299234	-1	2
299234	299266	1	2
299266	299362	-1	2
299576	300824	2	2
299584	300824	2	4
299584	300824	2	5
300850	301042	1	1
301042	301234	-1	1
301234	301330	1	1
301330	301426	-1	1
301426	301522	1	1
301522	301618	-1	1
301618	301714	1	1
301714	301810	-1	1
301810	301906	1	1
301906	302002	-1	1
302002	302098	1	1
302098	302386	-1	1
302600	308520	2	1
302600	308520	2	4
302600	308520	2	5
302600	305800	2	2
308520	308800	1	0
308560	308800	2	1
308560	308800	2	2
308560	308800	2	4
308560	308800	2	5
308850	308970	1	4
308970	309090	-1	4
309090	309150	1	4
309150	309210	-1	4
309210	309270	1	4
309270	309330	-1	4
309330	309390	1	4
309390	309450	-1	4
309450	309510	1	4
309510	309570	-1	4
309570	309630	1	4
309630	309810	-1	4
309830	309950	1	5
309950	310070	-1	5
310070	310130	1	5
310130	310190	-1	5
310190	310250	1	5
310250	310310	-1	5
310310	310370	1	5
310370	310430	-1	5
310430	310490	1	5
310490	310550	-1	5
310550	310610	1	5
310610	310790	-1	5
312600	318424	2	1
311016	318424	2	4
311016	318424	2	5
318424	318710	1	0
318470	318710	2	1
318470	318710	2	2
318470	318710	2	4
318470	318710	2	5
318770	318802	1	2
318802	318834	-1	2
318834	318898	1	2
318898	319058	-1	2
319058	319122	1	2
319122	319282	-1	2
319496	320744	2	2
319504	320744	2	4
319504	320744	2	5
320770	320866	1	1
320866	320962	-1	1
320962	321154	1	1
321154	321634	-1	1
321634	321826	1	1
321826	322306	-1	1
322520	328440	2	1
322520	328440	2	4
322520	328440	2	5
322520	325720	2	2
328440	328720	1	0
328480	328720	2	1
328480	328720	2	2
328480	328720	2	4
328480	328720	2	5
328770	328830	1	4
328830	328890	-1	4
328890	329010	1	4
329010	329310	-1	4
329310	329430	1	4
329430	329730	-1	4
329750	329810	1	5
329810	329870	-1	5
329870	329990	1	5
329990	330290	-1	5
330290	330410	1	5
330410	330710	-1	5
332520	338344	2	1
330936	338344	2	4
330936	338344	2	5
338344	338630	1	0
338390	338630	2	1
338390	338630	2	2
338390	338630	2	4
338390	338630	2	5
338690	338722	1	2
338722	338754	-1	2
338754	338818	1	2
338818	338978	-1	2
338978	339042	1	2
339042	339202	-1	2
339416	340664	2	2
339424	340664	2	4
339424	340664	2	5
340690	340786	1	1
340786	340882	-1	1
340882	341074	1	1
341074	341554	-1	1
341554	341746	1	1
341746	342226	-1	1
342440	348360	2	1
342440	348360	2	4
342440	348360	2	5
342440	345640	2	2
348360	348640	1	0
348400	348640	2	1
348400	348640	2	2
348400	348640	2	4
348400	348640	2	5
348690	348750	1	4
348750	348810	-1	4
348810	348930	1	4
348930	349230	-1	4
349230	349350	1	4
349350	349650	-1	4
349670	349730	1	5
349730	349790	-1	5
349790	349910	1	5
349910	350210	-1	5
350210	350330	1	5
350330	350630	-1	5
352440	358264	2	1
350856	358264	2	4
350856	358264	2	5
358264	358550	1	0
358310	358550	2	1
358310	358550	2	2
358310	358550	2	4
358310	358550	2	5
358610	358738	1	2
358738	358834	-1	2
358834	358962	1	2
358962	358994	-1	2
358994	359026	1	2
359026	359090	-1	2
359090	359122	1	2
359336	360584	2	2
359344	360584	2	4
359344	360584	2	5
360610	360994	1	1
360994	361282	-1	1
361282	361666	1	1
361666	361762	-1	1
361762	361858	1	1
361858	362050	-1	1
362050	362146	1	1
362360	368280	2	1
362360	368280	2	4
362360	368280	2	5
362360	365560	2	2
368280	368560	1	0
368320	368560	2	1
368320	368560	2	2
368320	368560	2	4
368320	368560	2	5
368610	368850	1	4
368850	369030	-1	4
369030	369270	1	4
369270	369330	-1	4
369330	369390	1	4
369390	369510	-1	4
369510	369570	1	4
369590	369830	1	5
369830	370010	-1	5
370010	370250	1	5
370250	370310	-1	5
370310	370370	1	5
370370	370490	-1	5
370490	370550	1	5
372360	378184	2	1
370776	378184	2	4
370776	378184	2	5
378184	378470	1	0
378230	378470	2	1
378230	378470	2	2
378230	378470	2	4
378230	378470	2	5
378530	378658	1	2
378658	378754	-1	2
378754	378882	1	2
378882	378914	-1	2
378914	378946	1	2
378946	379010	-1	2
379010	379042	1	2
379256	380504	2	2
379264	380504	2	4
379264	380504	2	5
380530	380914	1	1
380914	381202	-1	1
381202	381586	1	1
381586	381682	-1	1
381682	381778	1	1
381778	381970	-1	1
381970	382066	1	1
382280	388200	2	1
382280	388200	2	4
382280	388200	2	5
382280	385480	2	2
388200	388480	1	0
388240	388480	2	1
388240	388480	2	2
388240	388480	2	4
388240	388480	2	5
388530	388770	1	4
388770	388950	-1	4
388950	389190	1	4
389190	389250	-1	4
389250	389310	1	4
389310	389430	-1	4
389430	389490	1	4
389510	389750	1	5
389750	389930	-1	5
389930	390170	1	5
390170	390230	-1	5
390230	390290	1	5
390290	390410	-1	5
390410	390470	1	5
392280	398104	2	1
390696	398104	2	4
390696	398104	2	5
398104	398390	1	0
398150	398390	2	1
398150	398390	2	2
398150	398390	2	4
398150	398390	2	5
398450	398482	1	2
398482	398546	-1	2
398546	398578	1	2
398578	398642	-1	2
398642	398738	1	2
398738	398770	-1	2
398770	398834	1	2
398834	398866	-1	2
398866	398930	1	2
398930	398962	-1	2
399176	400424	2	2
399184	400424	2	4
399184	400424	2	5
400450	400546	1	1
400546	400738	-1	1
400738	400834	1	1
400834	401026	-1	1
401026	401314	1	1
401314	401410	-1	1
401410	401602	1	1
401602	401698	-1	1
401698	401890	1	1
401890	401986	-1	1
402200	408120	2	1
402200	408120	2	4
402200	408120	2	5
402200	405400	2	2
408120	408400	1	0
408160	408400	2	1
408160	408400	2	2
408160	408400	2	4
408160	408400	2	5
408450	408510	1	4
408510	408630	-1	4
408630	408690	1	4
408690	408810	-1	4
408810	408990	1	4
408990	409050	-1	4
409050	409170	1	4
409170	409230	-1	4
409230	409350	1	4
409350	409410	-1	4
409430	409490	1	5
409490	409610	-1	5
409610	409670	1	5
409670	409790	-1	5
409790	409970	1	5
409970	410030	-1	5
410030	410150	1	5
410150	410210	-1	5
410210	410330	1	5
410330	410390	-1	5
412200	418024	2	1
410616	418024	2	4
410616	418024	2	5
418024	418310	1	0
418070	418310	2	1
418070	418310	2	2
418070	418310	2	4
418070	418310	2	5
418370	418402	1	2
418402	418466	-1	2
418466	418498	1	2
418498	418562	-1	2
418562	418658	1	2
418658	418690	-1	2
418690	418754	1	2
418754	418786	-1	2
418786	418850	1	2
418850	418882	-1	2
419096	420344	2	2
419104	420344	2	4
419104	420344	2	5
420370	420466	1	1
420466	420658	-1	1
420658	420754	1	1
420754	420946	-1	1
420946	421234	1	1
421234	421330	-1	1
421330	421522	1	1
421522	421618	-1	1
421618	421810	1	1
421810	421906	-1	1
422120	428040	2	1
422120	428040	2	4
422120	428040	2	5
422120	425320	2	2
428040	428320	1	0
428080	428320	2	1
428080	428320	2	2
428080	428320	2	4
428080	428320	2	5
428370	428430	1	4
428430	428550	-1	4
428550	428610	1	4
428610	428730	-1	4
428730	428910	1	4
428910	428970	-1	4
428970	429090	1	4
429090	429150	-1	4
429150	429270	1	4
429270	429330	-1	4
429350	429410	1	5
429410	429530	-1	5
429530	429590	1	5
429590	429710	-1	5
429710	429890	1	5
429890	429950	-1	5
429950	430070	1	5
430070	430130	-1	5
430130	430250	1	5
430250	430310	-1	5
432120	437944	2	1
430536	437944	2	4
430536	437944	2	5
437944	438230	1	0
437990	438230	2	1
437990	438230	2	2
437990	438230	2	4
437990	438230	2	5
438290	438354	1	2
438354	438386	-1	2
438386	438418	1	2
438418	438482	-1	2
438482	438514	1	2
438514	438610	-1	2
438610	438802	1	2
439016	440264	2	2
439024	440264	2	4
439024	440264	2	5
440290	440482	1	1
440482	440578	-1	1
440578	440674	1	1
440674	440866	-1	1
440866	440962	1	1
440962	441250	-1	1
441250	441826	1	1
442040	447960	2	1
442040	447960	2	4
442040	447960	2	5
442040	445240	2	2
447960	448240	1	0
448000	448240	2	1
448000	448240	2	2
448000	448240	2	4
448000	448240	2	5
448290	448410	1	4
448410	448470	-1	4
448470	448530	1	4
448530	448650	-1	4
448650	448710	1	4
448710	448890	-1	4
448890	449250	1	4
449270	449390	1	5
449390	449450	-1	5
449450	449510	1	5
449510	449630	-1	5
449630	449690	1	5
449690	449870	-1	5
449870	450230	1	5
452040	457864	2	1
450456	457864	2	4
450456	457864	2	5
457864	458150	1	0
457910	458150	2	1
457910	458150	2	2
457910	458150	2	4
457910	458150	2	5
458210	458274	1	2
458274	458306	-1	2
458306	458338	1	2
458338	458402	-1	2
458402	458434	1	2
458434	458530	-1	2
458530	458722	1	2
458936	460184	2	2
458944	460184	2	4
458944	460184	2	5
460210	460402	1	1
460402	460498	-1	1
460498	460594	1	1
460594	460786	-1	1
460786	460882	1	1
460882	461170	-1	1
461170	461746	1	1
461960	467880	2	1
461960	467880	2	4
461960	467880	2	5
461960	465160	2	2
467880	468160	1	0
467920	468160	2	1
467920	468160	2	2
467920	468160	2	4
467920	468160	2	5
468210	468330	1	4
468330	468390	-1	4
468390	468450	1	4
468450	468570	-1	4
468570	468630	1	4
468630	468810	-1	4
468810	469170	1	4
469190	469310	1	5
469310	469370	-1	5
469370	469430	1	5
469430	469550	-1	5
469550	469610	1	5
469610	469790	-1	5
469790	470150	1	5
471960	477784	2	1
470376	477784	2	4
470376	477784	2	5
477784	478070	1	0
477830	478070	2	1
477830	478070	2	2
477830	478070	2	4
477830	478070	2	5
478130	478162	1	2
478162	478194	-1	2
478194	478226	1	2
478226	478322	-1	2
478322	478354	1	2
478354	478386	-1	2
478386	478418	1	2
478418	478482	-1	2
478482	478546	1	2
478546	478610	-1	2
478610	478642	1	2
478856	480104	2	2
478864	480104	2	4
478864	480104	2	5
480130	480226	1	1
480226	480322	-1	1
480322	480418	1	1
480418	480706	-1	1
480706	480802	1	1
480802	480898	-1	1
480898	480994	1	1
480994	481186	-1	1
481186	481378	1	1
481378	481570	-1	1
481570	481666	1	1
481880	487800	2	1
481880	487800	2	4
481880	487800	2	5
481880	485080	2	2
487800	488080	1	0
487840	488080	2	1
487840	488080	2	2
487840	488080	2	4
487840	488080	2	5
488130	488190	1	4
488190	488250	-1	4
488250	488310	1	4
488310	488490	-1	4
488490	488550	1	4
488550	488610	-1	4
488610	488670	1	4
488670	488790	-1	4
488790	488910	1	4
488910	489030	-1	4
489030	489090	1	4
489110	489170	1	5
489170	489230	-1	5
489230	489290	1	5
489290	489470	-1	5
489470	489530	1	5
489530	489590	-1	5
489590	489650	1	5
489650	489770	-1	5
489770	489890	1	5
489890	490010	-1	5
490010	490070	1	5
491880	497704	2	1
490296	497704	2	4
490296	497704	2	5
497704	497990	1	0
497750	497990	2	1
497750	497990	2	2
497750	497990	2	4
497750	497990	2	5
498050	498082	1	2
498082	498114	-1	2
498114	498146	1	2
498146	498242	-1	2
498242	498274	1	2
498274	498306	-1	2
498306	498338	1	2
498338	498402	-1	2
498402	498466	1	2
498466	498530	-1	2
498530	498562	1	2
498776	500024	2	2
498784	500024	2	4
498784	500024	2	5
500050	500146	1	1
500146	500242	-1	1
500242	500338	1	1
500338	500626	-1	1
500626	500722	1	1
500722	500818	-1	1
500818	500914	1	1
500914	501106	-1	1
501106	501298	1	1
501298	501490	-1	1
501490	501586	1	1
501800	507720	2	1
501800	507720	2	4
501800	507720	2	5
501800	505000	2	2
507720	508000	1	0
507760	508000	2	1
507760	508000	2	2
507760	508000	2	4
507760	508000	2	5
508050	508110	1	4
508110	508170	-1	4
508170	508230	1	4
508230	508410	-1	4
508410	508470	1	4
508470	508530	-1	4
508530	508590	1	4
508590	508710	-1	4
508710	508830	1	4
508830	508950	-1	4
508950	509010	1	4
509030	509090	1	5
509090	509150	-1	5
509150	509210	1	5
509210	509390	-1	5
509390	509450	1	5
509450	509510	-1	5
509510	509570	1	5
509570	509690	-1	5
509690	509810	1	5
509810	509930	-1	5
509930	509990	1	5
511800	517624	2	1
510216	517624	2	4
510216	517624	2	5
517624	517910	1	0
517670	517910	2	1
517670	517910	2	2
517670	517910	2	4
517670	517910	2	5
517970	518066	1	2
518066	518162	-1	2
518162	518226	1	2
518226	518322	-1	2
518322	518354	1	2
518354	518482	-1	2
518696	519944	2	2
518704	519944	2	4
518704	519944	2	5
519970	520258	1	1
520258	520546	-1	1
520546	520738	1	1
520738	521026	-1	1
521026	521122	1	1
521122	521506	-1	1
521720	527640	2	1
521720	527640	2	4
521720	527640	2	5
521720	524920	2	2
527640	527920	1	0
527680	527920	2	1
527680	527920	2	2
527680	527920	2	4
527680	527920	2	5
527970	528150	1	4
528150	528330	-1	4
528330	528450	1	4
528450	528630	-1	4
528630	528690	1	4
528690	528930	-1	4
528950	529130	1	5
529130	529310	-1	5
529310	529430	1	5
529430	529610	-1	5
529610	529670	1	5
529670	529910	-1	5
531720	537544	2	1
530136	537544	2	4
530136	537544	2	5
537544	537830	1	0
537590	537830	2	1
537590	537830	2	2
537590	537830	2	4
537590	537830	2	5
537890	537986	1	2
537986	538082	-1	2
538082	538146	1	2
538146	538242	-1	2
538242	538274	1	2
538274	538402	-1	2
538616	539864	2	2
538624	539864	2	4
538624	539864	2	5
539890	540178	1	1
540178	540466	-1	1
540466	540658	1	1
540658	540946	-1	1
540946	541042	1	1
541042	541426	-1	1
541640	547560	2	1
541640	547560	2	4
541640	547560	2	5
541640	544840	2	2
547560	547840	1	0
547600	547840	2	1
547600	547840	2	2
547600	547840	2	4
547600	547840	2	5
547890	548070	1	4
548070	548250	-1	4
548250	548370	1	4
548370	548550	-1	4
548550	548610	1	4
548610	548850	-1	4
548870	549050	1	5
549050	549230	-1	5
549230	549350	1	5
549350	549530	-1	5
549530	549590	1	5
549590	549830	-1	5
551640	557464	2	1
550056	557464	2	4
550056	557464	2	5
557464	557750	1	0
557510	557750	2	1
557510	557750	2	2
557510	557750	2	4
557510	557750	2	5
557810	557842	1	2
557842	558034	-1	2
558034	558066	1	2
558066	558098	-1	2
558098	558130	1	2
558130	558194	-1	2
558194	558322	1	2
558536	559784	2	2
558544	559784	2	4
558544	559784	2	5
559810	559906	1	1
559906	560482	-1	1
560482	560578	1	1
560578	560674	-1	1
560674	560770	1	1
560770	560962	-1	1
560962	561346	1	1
561560	567480	2	1
561560	567480	2	4
561560	567480	2	5
561560	564760	2	2
567480	567760	1	0
567520	567760	2	1
567520	567760	2	2
567520	567760	2	4
567520	567760	2	5
567810	567870	1	4
567870	568230	-1	4
568230	568290	1	4
568290	568350	-1	4
568350	568410	1	4
568410	568530	-1	4
568530	568770	1	4
568790	568850	1	5
568850	569210	-1	5
569210	569270	1	5
569270	569330	-1	5
569330	569390	1	5
569390	569510	-1	5
569510	569750	1	5
571560	577384	2	1
569976	577384	2	4
569976	577384	2	5
577384	577670	1	0
577430	577670	2	1
577430	577670	2	2
577430	577670	2	4
577430	577670	2	5
577730	577762	1	2
577762	577954	-1	2
577954	577986	1	2
577986	578018	-1	2
578018	578050	1	2
578050	578114	-1	2
578114	578242	1	2
578456	579704	2	2
578464	579704	2	4
578464	579704	2	5
579730	579826	1	1
579826	580402	-1	1
580402	580498	1	1
580498	580594	-1	1
580594	580690	1	1
580690	580882	-1	1
580882	581266	1	1
581480	587400	2	1
581480	587400	2	4
581480	587400	2	5
581480	584680	2	2
587400	587680	1	0
587440	587680	2	1
587440	587680	2	2
587440	587680	2	4
587440	587680	2	5
587730	587790	1	4
587790	588150	-1	4
588150	588210	1	4
588210	588270	-1	4
588270	588330	1	4
588330	588450	-1	4
588450	588690	1	4
588710	588770	1	5
588770	589130	-1	5
589130	589190	1	5
589190	589250	-1	5
589250	589310	1	5
589310	589430	-1	5
589430	589670	1	5
591480	597304	2	1
589896	597304	2	4
589896	597304	2	5
597304	597590	1	0
597350	597590	2	1
597350	597590	2	2
597350	597590	2	4
597350	597590	2	5
597650	597714	1	2
597714	597906	-1	2
597906	597970	1	2
597970	598066	-1	2
598066	598130	1	2
598130	598162	-1	2
598376	599624	2	2
598384	599624	2	4
598384	599624	2	5
599650	599842	1	1
599842	600418	-1	1
600418	600610	1	1
600610	600898	-1	1
600898	601090	1	1
601090	601186	-1	1
601400	607320	2	1
601400	607320	2	4
601400	607320	2	5
601400	604600	2	2
607320	607600	1	0
607360	607600	2	1
607360	607600	2	2
607360	607600	2	4
607360	607600	2	5
607650	607770	1	4
607770	608130	-1	4
608130	608250	1	4
608250	608430	-1	4
608430	608550	1	4
608550	608610	-1	4
608630	608750	1	5
608750	609110	-1	5
609110	609230	1	5
609230	609410	-1	5
609410	609530	1	5
609530	609590	-1	5
611400	617224	2	1
609816	617224	2	4
609816	617224	2	5
617224	617510	1	0
617270	617510	2	1
617270	617510	2	2
617270	617510	2	4
617270	617510	2	5
617570	617634	1	2
617634	617826	-1	2
617826	617890	1	2
617890	617986	-1	2
617986	618050	1	2
618050	618082	-1	2
618296	619544	2	2
618304	619544	2	4
618304	619544	2	5
619570	619762	1	1
619762	620338	-1	1
620338	620530	1	1
620530	620818	-1	1
620818	621010	1	1
621010	621106	-1	1
621320	627240	2	1
621320	627240	2	4
621320	627240	2	5
621320	624520	2	2
627240	627520	1	0
627280	627520	2	1
627280	627520	2	2
627280	627520	2	4
627280	627520	2	5
627570	627690	1	4
627690	628050	-1	4
628050	628170	1	4
628170	628350	-1	4
628350	628470	1	4
628470	628530	-1	4
628550	628670	1	5
628670	629030	-1	5
629030	629150	1	5
629150	629330	-1	5
629330	629450	1	5
629450	629510	-1	5
631320	637144	2	1
629736	637144	2	4
629736	637144	2	5
637144	637430	1	0
637190	637430	2	1
637190	637430	2	2
637190	637430	2	4
637190	637430	2	5
637490	637522	1	2
637522	637554	-1	2
637554	637682	1	2
637682	637810	-1	2
637810	637842	1	2
637842	637874	-1	2
637874	637906	1	2
637906	637938	-1	2
637938	638002	1	2
638216	639464	2	2
638224	639464	2	4
638224	639464	2	5
639490	639586	1	1
639586	639682	-1	1
639682	640066	1	1
640066	640450	-1	1
640450	640546	1	1
640546	640642	-1	1
640642	640738	1	1
640738	640834	-1	1
640834	641026	1	1
641240	647160	2	1
641240	647160	2	4
641240	647160	2	5
641240	644440	2	2
647160	647440	1	0
647200	647440	2	1
647200	647440	2	2
647200	647440	2	4
647200	647440	2	5
647490	647550	1	4
647550	647610	-1	4
647610	647850	1	4
647850	648090	-1	4
648090	648150	1	4
648150	648210	-1	4
648210	648270	1	4
648270	648330	-1	4
648330	648450	1	4
648470	648530	1	5
648530	648590	-1	5
648590	648830	1	5
648830	649070	-1	5
649070	649130	1	5
649130	649190	-1	5
649190	649250	1	5
649250	649310	-1	5
649310	649430	1	5
651240	657064	2	1
649656	657064	2	4
649656	657064	2	5
657064	657350	1	0
657110	657350	2	1
657110	657350	2	2
657110	657350	2	4
657110	657350	2	5
657410	657442	1	2
657442	657474	-1	2
657474	657602	1	2
657602	657730	-1	2
657730	657762	1	2
657762	657794	-1	2
657794	657826	1	2
657826	657858	-1	2
657858	657922	1	2
658136	659384	2	2
658144	659384	2	4
658144	659384	2	5
659410	659506	1	1
659506	659602	-1	1
659602	659986	1	1
659986	660370	-1	1
660370	660466	1	1
660466	660562	-1	1
660562	660658	1	1
660658	660754	-1	1
660754	660946	1	1
661160	667080	2	1
661160	667080	2	4
661160	667080	2	5
661160	664360	2	2
667080	667360	1	0
667120	667360	2	1
667120	667360	2	2
667120	667360	2	4
667120	667360	2	5
667410	667470	1	4
667470	667530	-1	4
667530	667770	1	4
667770	668010	-1	4
668010	668070	1	4
668070	668130	-1	4
668130	668190	1	4
668190	668250	-1	4
668250	668370	1	4
668390	668450	1	5
668450	668510	-1	5
668510	668750	1	5
668750	668990	-1	5
668990	669050	1	5
669050	669110	-1	5
669110	669170	1	5
669170	669230	-1	5
669230	669350	1	5
671160	676984	2	1
669576	676984	2	4
669576	676984	2	5
676984	677270	1	0
677030	677270	2	1
677030	677270	2	2
677030	677270	2	4
677030	677270	2	5
677330	677522	1	2
677522	677554	-1	2
677554	677618	1	2
677618	677650	-1	2
677650	677682	1	2
677682	677778	-1	2
677778	677810	1	2
677810	677842	-1	2
678056	679304	2	2
678064	679304	2	4
678064	679304	2	5
679330	679906	1	1
679906	680002	-1	1
680002	680194	1	1
680194	680290	-1	1
680290	680386	1	1
680386	680674	-1	1
680674	680770	1	1
680770	680866	-1	1
681080	687000	2	1
681080	687000	2	4
681080	687000	2	5
681080	684280	2	2
687000	687280	1	0
687040	687280	2	1
687040	687280	2	2
687040	687280	2	4
687040	687280	2	5
687330	687690	1	4
687690	687750	-1	4
687750	687870	1	4
687870	687930	-1	4
687930	687990	1	4
687990	688170	-1	4
688170	688230	1	4
688230	688290	-1	4
688310	688670	1	5
688670	688730	-1	5
688730	688850	1	5
688850	688910	-1	5
688910	688970	1	5
688970	689150	-1	5
689150	689210	1	5
689210	689270	-1	5
691080	696904	2	1
689496	696904	2	4
689496	696904	2	5
696904	697190	1	0
696950	697190	2	1
696950	697190	2	2
696950	697190	2	4
696950	697190	2	5
697250	697442	1	2
697442	697474	-1	2
697474	697538	1	2
697538	697570	-1	2
697570	697602	1	2
697602	697698	-1	2
697698	697730	1	2
697730	697762	-1	2
697976	699224	2	2
697984	699224	2	4
697984	699224	2	5
699250	699826	1	1
699826	699922	-1	1
699922	700114	1	1
700114	700210	-1	1
700210	700306	1	1
700306	700594	-1	1
700594	700690	1	1
700690	700786	-1	1
701000	706920	2	1
701000	706920	2	4
701000	706920	2	5
701000	704200	2	2
706920	707200	1	0
706960	707200	2	1
706960	707200	2	2
706960	707200	2	4
706960	707200	2	5
707250	707610	1	4
707610	707670	-1	4
707670	707790	1	4
707790	707850	-1	4
707850	707910	1	4
707910	708090	-1	4
708090	708150	1	4
708150	708210	-1	4
708230	708590	1	5
708590	708650	-1	5
708650	708770	1	5
708770	708830	-1	5
708830	708890	1	5
708890	709070	-1	5
709070	709130	1	5
709130	709190	-1	5
711000	716824	2	1
709416	716824	2	4
709416	716824	2	5
716824	717110	1	0
716870	717110	2	1
716870	717110	2	2
716870	717110	2	4
716870	717110	2	5
717170	717202	1	2
717202	717266	-1	2
717266	717618	1	2
717618	717650	-1	2
717650	717682	1	2
717896	719144	2	2
717904	719144	2	4
717904	719144	2	5
719170	719266	1	1
719266	719458	-1	1
719458	720514	1	1
720514	720610	-1	1
720610	720706	1	1
720920	726840	2	1
720920	726840	2	4
720920	726840	2	5
720920	724120	2	2
726840	727120	1	0
726880	727120	2	1
726880	727120	2	2
726880	727120	2	4
726880	727120	2	5
727170	727230	1	4
727230	727350	-1	4
727350	728010	1	4
728010	728070	-1	4
728070	728130	1	4
728150	728210	1	5
728210	728330	-1	5
728330	728990	1	5
728990	729050	-1	5
729050	729110	1	5
730920	736744	2	1
729336	736744	2	4
729336	736744	2	5
736744	737030	1	0
736790	737030	2	1
736790	737030	2	2
736790	737030	2	4
736790	737030	2	5
737090	737122	1	2
737122	737186	-1	2
737186	737538	1	2
737538	737570	-1	2
737570	737602	1	2
737816	739064	2	2
737824	739064	2	4
737824	739064	2	5
739090	739186	1	1
739186	739378	-1	1
739378	740434	1	1
740434	740530	-1	1
740530	740626	1	1
740840	746760	2	1
740840	746760	2	4
740840	746760	2	5
740840	744040	2	2
746760	747040	1	0
746800	747040	2	1
746800	747040	2	2
746800	747040	2	4
746800	747040	2	5
747090	747150	1	4
747150	747270	-1	4
747270	747930	1	4
747930	747990	-1	4
747990	748050	1	4
748070	748130	1	5
748130	748250	-1	5
748250	748910	1	5
748910	748970	-1	5
748970	749030	1	5
750840	756664	2	1
749256	756664	2	4
749256	756664	2	5
756664	756950	1	0
756710	756950	2	1
756710	756950	2	2
756710	756950	2	4
756710	756950	2	5
757010	757074	1	2
757074	757106	-1	2
757106	757234	1	2
757234	757298	-1	2
757298	757394	1	2
757394	757426	-1	2
757426	757458	1	2
757458	757522	-1	2
757736	758984	2	2
757744	758984	2	4
757744	758984	2	5
759010	759202	1	1
759202	759298	-1	1
759298	759682	1	1
759682	759874	-1	1
759874	760162	1	1
760162	760258	-1	1
760258	760354	1	1
760354	760546	-1	1
760760	766680	2	1
760760	766680	2	4
760760	766680	2	5
760760	763960	2	2
766680	766960	1	0
766720	766960	2	1
766720	766960	2	2
766720	766960	2	4
766720	766960	2	5
767010	767130	1	4
767130	767190	-1	4
767190	767430	1	4
767430	767550	-1	4
767550	767730	1	4
767730	767790	-1	4
767790	767850	1	4
767850	767970	-1	4
767990	768110	1	5
768110	768170	-1	5
768170	768410	1	5
768410	768530	-1	5
768530	768710	1	5
768710	768770	-1	5
768770	768830	1	5
768830	768950	-1	5
770760	776584	2	1
769176	776584	2	4
769176	776584	2	5
776584	776870	1	0
776630	776870	2	1
776630	776870	2	2
776630	776870	2	4
776630	776870	2	5
776930	776994	1	2
776994	777026	-1	2
777026	777154	1	2
777154	777218	-1	2
777218	777314	1	2
777314	777346	-1	2
777346	777378	1	2
777378	777442	-1	2
777656	778904	2	2
777664	778904	2	4
777664	778904	2	5
778930	779122	1	1
779122	779218	-1	1
779218	779602	1	1
779602	779794	-1	1
779794	780082	1	1
780082	780178	-1	1
780178	780274	1	1
780274	780466	-1	1
780680	786600	2	1
780680	786600	2	4
780680	786600	2	5
780680	783880	2	2
786600	786880	1	0
786640	786880	2	1
786640	786880	2	2
786640	786880	2	4
786640	786880	2	5
786930	787050	1	4
787050	787110	-1	4
787110	787350	1	4
787350	787470	-1	4
787470	787650	1	4
787650	787710	-1	4
787710	787770	1	4
787770	787890	-1	4
787910	788030	1	5
788030	788090	-1	5
788090	788330	1	5
788330	788450	-1	5
788450	788630	1	5
788630	788690	-1	5
788690	788750	1	5
788750	788870	-1	5
790680	796504	2	1
789096	796504	2	4
789096	796504	2	5
796504	796790	1	0
796550	796790	2	1
796550	796790	2	2
796550	796790	2	4
796550	796790	2	5
796850	796882	1	2
796882	796914	-1	2
796914	796946	1	2
796946	796978	-1	2
796978	797074	1	2
797074	797106	-1	2
797106	797170	1	2
797170	797202	-1	2
797202	797234	1	2
797234	797298	-1	2
797298	797330	1	2
797330	797362	-1	2
797576	798824	2	2
797584	798824	2	4
797584	798824	2	5
798850	798946	1	1
798946	799042	-1	1
799042	799138	1	1
799138	799234	-1	1
799234	799522	1	1
799522	799618	-1	1
799618	799810	1	1
799810	799906	-1	1
799906	800002	1	1
800002	800194	-1	1
800194	800290	1	1
800290	800386	-1	1
800600	806520	2	1
800600	806520	2	4
800600	806520	2	5
800600	803800	2	2
806520	806800	1	0
806560	806800	2	1
806560	806800	2	2
806560	806800	2	4
806560	806800	2	5
806850	806910	1	4
806910	806970	-1	4
806970	807030	1	4
807030	807090	-1	4
807090	807270	1	4
807270	807330	-1	4
807330	807450	1	4
807450	807510	-1	4
807510	807570	1	4
807570	807690	-1	4
807690	807750	1	4
807750	807810	-1	4
807830	807890	1	5
807890	807950	-1	5
807950	808010	1	5
808010	808070	-1	5
808070	808250	1	5
808250	808310	-1	5
808310	808430	1	5
808430	808490	-1	5
808490	808550	1	5
808550	808670	-1	5
808670	808730	1	5
808730	808790	-1	5
810600	816424	2	1
809016	816424	2	4
809016	816424	2	5
816424	816710	1	0
816470	816710	2	1
816470	816710	2	2
816470	816710	2	4
816470	816710	2	5
816770	816802	1	2
816802	816834	-1	2
816834	816866	1	2
816866	816898	-1	2
816898	816994	1	2
816994	817026	-1	2
817026	817090	1	2
817090	817122	-1	2
817122	817154	1	2
817154	817218	-1	2
817218	817250	1	2
817250	817282	-1	2
817496	818744	2	2
817504	818744	2	4
817504	818744	2	5
818770	818866	1	1
818866	818962	-1	1
818962	819058	1	1
819058	819154	-1	1
819154	819442	1	1
819442	819538	-1	1
819538	819730	1	1
819730	819826	-1	1
819826	819922	1	1
819922	820114	-1	1
820114	820210	1	1
820210	820306	-1	1
820520	826440	2	1
820520	826440	2	4
820520	826440	2	5
820520	823720	2	2
826440	826720	1	0
826480	826720	2	1
826480	826720	2	2
826480	826720	2	4
826480	826720	2	5
826770	826830	1	4
826830	826890	-1	4
826890	826950	1	4
826950	827010	-1	4
827010	827190	1	4
827190	827250	-1	4
827250	827370	1	4
827370	827430	-1	4
827430	827490	1	4
827490	827610	-1	4
827610	827670	1	4
827670	827730	-1	4
827750	827810	1	5
827810	827870	-1	5
827870	827930	1	5
827930	827990	-1	5
827990	828170	1	5
828170	828230	-1	5
828230	828350	1	5
828350	828410	-1	5
828410	828470	1	5
828470	828590	-1	5
828590	828650	1	5
828650	828710	-1	5
830520	836344	2	1
828936	836344	2	4
828936	836344	2	5
836344	836630	1	0
836390	836630	2	1
836390	836630	2	2
836390	836630	2	4
836390	836630	2	5
836690	836786	1	2
836786	836818	-1	2
836818	836946	1	2
836946	836978	-1	2
836978	837010	1	2
837010	837042	-1	2
837042	837106	1	2
837106	837138	-1	2
837138	837202	1	2
837416	838664	2	2
837424	838664	2	4
837424	838664	2	5
838690	838978	1	1
838978	839074	-1	1
839074	839458	1	1
839458	839554	-1	1
839554	839650	1	1
839650	839746	-1	1
839746	839938	1	1
839938	840034	-1	1
840034	840226	1	1
840440	846360	2	1
840440	846360	2	4
840440	846360	2	5
840440	843640	2	2
846360	846640	1	0
846400	846640	2	1
846400	846640	2	2
846400	846640	2	4
846400	846640	2	5
846690	846870	1	4
846870	846930	-1	4
846930	847170	1	4
847170	847230	-1	4
847230	847290	1	4
847290	847350	-1	4
847350	847470	1	4
847470	847530	-1	4
847530	847650	1	4
847670	847850	1	5
847850	847910	-1	5
847910	848150	1	5
848150	848210	-1	5
848210	848270	1	5
848270	848330	-1	5
848330	848450	1	5
848450	848510	-1	5
848510	848630	1	5
850440	856264	2	1
848856	856264	2	4
848856	856264	2	5
856264	856550	1	0
856310	856550	2	1
856310	856550	2	2
856310	856550	2	4
856310	856550	2	5
856610	856706	1	2
856706	856738	-1	2
856738	856866	1	2
856866	856898	-1	2
856898	856930	1	2
856930	856962	-1	2
856962	857026	1	2
857026	857058	-1	2
857058	857122	1	2
857336	858584	2	2
857344	858584	2	4
857344	858584	2	5
858610	858898	1	1
858898	858994	-1	1
858994	859378	1	1
859378	859474	-1	1
859474	859570	1	1
859570	859666	-1	1
859666	859858	1	1
859858	859954	-1	1
859954	860146	1	1
860360	866280	2	1
860360	866280	2	4
860360	866280	2	5
860360	863560	2	2
866280	866560	1	0
866320	866560	2	1
866320	866560	2	2
866320	866560	2	4
866320	866560	2	5
866610	866790	1	4
866790	866850	-1	4
866850	867090	1	4
867090	867150	-1	4
867150	867210	1	4
867210	867270	-1	4
867270	867390	1	4
867390	867450	-1	4
867450	867570	1	4
867590	867770	1	5
867770	867830	-1	5
867830	868070	1	5
868070	868130	-1	5
868130	868190	1	5
868190	868250	-1	5
868250	868370	1	5
868370	868430	-1	5
868430	868550	1	5
870360	876184	2	1
868776	876184	2	4
868776	876184	2	5
876184	876470	1	0
876230	876470	2	1
876230	876470	2	2
876230	876470	2	4
876230	876470	2	5
876530	876562	1	2
876562	876658	-1	2
876658	876722	1	2
876722	876754	-1	2
876754	876786	1	2
876786	876946	-1	2
876946	876978	1	2
876978	877042	-1	2
877256	878504	2	2
877264	878504	2	4
877264	878504	2	5
878530	878626	1	1
878626	878914	-1	1
878914	879106	1	1
879106	879202	-1	1
879202	879298	1	1
879298	879778	-1	1
879778	879874	1	1
879874	880066	-1	1
880280	886200	2	1
880280	886200	2	4
880280	886200	2	5
880280	883480	2	2
886200	886480	1	0
886240	886480	2	1
886240	886480	2	2
886240	886480	2	4
886240	886480	2	5
886530	886590	1	4
886590	886770	-1	4
886770	886890	1	4
886890	886950	-1	4
886950	887010	1	4
887010	887310	-1	4
887310	887370	1	4
887370	887490	-1	4
887510	887570	1	5
887570	887750	-1	5
887750	887870	1	5
887870	887930	-1	5
887930	887990	1	5
887990	888290	-1	5
888290	888350	1	5
888350	888470	-1	5
890280	896104	2	1
888696	896104	2	4
888696	896104	2	5
896104	896390	1	0
896150	896390	2	1
896150	896390	2	2
896150	896390	2	4
896150	896390	2	5
896450	896482	1	2
896482	896578	-1	2
896578	896642	1	2
896642	896674	-1	2
896674	896706	1	2
896706	896866	-1	2
896866	896898	1	2
896898	896962	-1	2
897176	898424	2	2
897184	898424	2	4
897184	898424	2	5
898450	898546	1	1
898546	898834	-1	1
898834	899026	1	1
899026	899122	-1	1
899122	899218	1	1
899218	899698	-1	1
899698	899794	1	1
899794	899986	-1	1
900200	906120	2	1
900200	906120	2	4
900200	906120	2	5
900200	903400	2	2
906120	906400	1	0
906160	906400	2	1
906160	906400	2	2
906160	906400	2	4
906160	906400	2	5
906450	906510	1	4
906510	906690	-1	4
906690	906810	1	4
906810	906870	-1	4
906870	906930	1	4
906930	907230	-1	4
907230	907290	1	4
907290	907410	-1	4
907430	907490	1	5
907490	907670	-1	5
907670	907790	1	5
907790	907850	-1	5
907850	907910	1	5
907910	908210	-1	5
908210	908270	1	5
908270	908390	-1	5
910200	916024	2	1
908616	916024	2	4
908616	916024	2	5
916024	916310	1	0
916070	916310	2	1
916070	916310	2	2
916070	916310	2	4
916070	916310	2	5
916370	916434	1	2
916434	916498	-1	2
916498	916562	1	2
916562	916626	-1	2
916626	916658	1	2
916658	916754	-1	2
916754	916818	1	2
916818	916850	-1	2
916850	916882	1	2
917096	918344	2	2
917104	918344	2	4
917104	918344	2	5
918370	918562	1	1
918562	918754	-1	1
918754	918946	1	1
918946	919138	-1	1
919138	919234	1	1
919234	919522	-1	1
919522	919714	1	1
919714	919810	-1	1
919810	919906	1	1
920120	926040	2	1
920120	926040	2	4
920120	926040	2	5
920120	923320	2	2
926040	926320	1	0
926080	926320	2	1
926080	926320	2	2
926080	926320	2	4
926080	926320	2	5
926370	926490	1	4
926490	926610	-1	4
926610	926730	1	4
926730	926850	-1	4
926850	926910	1	4
926910	927090	-1	4
927090	927210	1	4
927210	927270	-1	4
927270	927330	1	4
927350	927470	1	5
927470	927590	-1	5
927590	927710	1	5
927710	927830	-1	5
927830	927890	1	5
927890	928070	-1	5
928070	928190	1	5
928190	928250	-1	5
928250	928310	1	5
930120	935944	2	1
928536	935944	2	4
928536	935944	2	5
935944	936230	1	0
935990	936230	2	1
935990	936230	2	2
935990	936230	2	4
935990	936230	2	5
936290	936354	1	2
936354	936418	-1	2
936418	936482	1	2
936482	936546	-1	2
936546	936578	1	2
936578	936674	-1	2
936674	936738	1	2
936738	936770	-1	2
936770	936802	1	2
937016	938264	2	2
937024	938264	2	4
937024	938264	2	5
938290	938482	1	1
938482	938674	-1	1
938674	938866	1	1
938866	939058	-1	1
939058	939154	1	1
939154	939442	-1	1
939442	939634	1	1
939634	939730	-1	1
939730	939826	1	1
940040	945960	2	1
940040	945960	2	4
940040	945960	2	5
940040	943240	2	2
945960	946240	1	0
946000	946240	2	1
946000	946240	2	2
946000	946240	2	4
946000	946240	2	5
946290	946410	1	4
946410	946530	-1	4
946530	946650	1	4
946650	946770	-1	4
946770	946830	1	4
946830	947010	-1	4
947010	947130	1	4
947130	947190	-1	4
947190	947250	1	4
947270	947390	1	5
947390	947510	-1	5
947510	947630	1	5
947630	947750	-1	5
947750	947810	1	5
947810	947990	-1	5
947990	948110	1	5
948110	948170	-1	5
948170	948230	1	5
950040	955864	2	1
948456	955864	2	4
948456	955864	2	5
955864	956150	1	0
955910	956150	2	1
955910	956150	2	2
955910	956150	2	4
955910	956150	2	5
956210	956242	1	2
956242	956274	-1	2
956274	956338	1	2
956338	956370	-1	2
956370	956434	1	2
956434	956498	-1	2
956498	956530	1	2
956530	956626	-1	2
956626	956658	1	2
956658	956690	-1	2
956690	956722	1	2
956936	958184	2	2
956944	958184	2	4
956944	958184	2	5
958210	958306	1	1
958306	958402	-1	1
958402	958594	1	1
958594	958690	-1	1
958690	958882	1	1
958882	959074	-1	1
959074	959170	1	1
959170	959458	-1	1
959458	959554	1	1
959554	959650	-1	1
959650	959746	1	1
959960	965880	2	1
959960	965880	2	4
959960	965880	2	5
959960	963160	2	2
965880	966160	1	0
965920	966160	2	1
965920	966160	2	2
965920	966160	2	4
965920	966160	2	5
966210	966270	1	4
966270	966330	-1	4
966330	966450	1	4
966450	966510	-1	4
966510	966630	1	4
966630	966750	-1	4
966750	966810	1	4
966810	966990	-1	4
966990	967050	1	4
967050	967110	-1	4
967110	967170	1	4
967190	967250	1	5
967250	967310	-1	5
967310	967430	1	5
967430	967490	-1	5
967490	967610	1	5
967610	967730	-1	5
967730	967790	1	5
967790	967970	-1	5
967970	968030	1	5
968030	968090	-1	5
968090	968150	1	5
969960	975784	2	1
968376	975784	2	4
968376	975784	2	5
975784	976070	1	0
975830	976070	2	1
975830	976070	2	2
975830	976070	2	4
975830	976070	2	5
976130	976162	1	2
976162	976194	-1	2
976194	976258	1	2
976258	976290	-1	2
976290	976354	1	2
976354	976418	-1	2
976418	976450	1	2
976450	976546	-1	2
976546	976578	1	2
976578	976610	-1	2
976610	976642	1	2
976856	978104	2	2
976864	978104	2	4
976864	978104	2	5
978130	978226	1	1
978226	978322	-1	1
978322	978514	1	1
978514	978610	-1	1
978610	978802	1	1
978802	978994	-1	1
978994	979090	1	1
979090	979378	-1	1
979378	979474	1	1
979474	979570	-1	1
979570	979666	1	1
979880	985800	2	1
979880	985800	2	4
979880	985800	2	5
979880	983080	2	2
985800	986080	1	0
985840	986080	2	1
985840	986080	2	2
985840	986080	2	4
985840	986080	2	5
986130	986190	1	4
986190	986250	-1	4
986250	986370	1	4
986370	986430	-1	4
986430	986550	1	4
986550	986670	-1	4
986670	986730	1	4
986730	986910	-1	4
986910	986970	1	4
986970	987030	-1	4
987030	987090	1	4
987110	987170	1	5
987170	987230	-1	5
987230	987350	1	5
987350	987410	-1	5
987410	987530	1	5
987530	987650	-1	5
987650	987710	1	5
987710	987890	-1	5
987890	987950	1	5
987950	988010	-1	5
988010	988070	1	5
989880	995704	2	1
988296	995704	2	4
988296	995704	2	5
995704	995990	1	0
995750	995990	2	1
995750	995990	2	2
995750	995990	2	4
995750	995990	2	5
996050	996178	1	2
996178	996210	-1	2
996210	996370	1	2
996370	996434	-1	2
996434	996498	1	2
996498	996562	-1	2
996776	998024	2	2
996784	998024	2	4
996784	998024	2	5
998050	998434	1	1
998434	998530	-1	1
998530	999010	1	1
999010	999202	-1	1
999202	999394	1	1
999394	999586	-1	1
999800	1005720	2	1
999800	1005720	2	4
999800	1005720	2	5
999800	1003000	2	2
1005720	1006000	1	0
1005760	1006000	2	1
1005760	1006000	2	2
1005760	1006000	2	4
1005760	1006000	2	5
1006050	1006290	1	4
1006290	1006350	-1	4
1006350	1006650	1	4
1006650	1006770	-1	4
1006770	1006890	1	4
1006890	1007010	-1	4
1007030	1007270	1	5
1007270	1007330	-1	5
1007330	1007630	1	5
1007630	1007750	-1	5
1007750	1007870	1	5
1007870	1007990	-1	5
1009800	1015624	2	1
1008216	1015624	2	4
1008216	1015624	2	5
1015624	1015910	1	0
1015670	1015910	2	1
1015670	1015910	2	2
1015670	1015910	2	4
1015670	1015910	2	5
1015970	1016098	1	2
1016098	1016130	-1	2
1016130	1016290	1	2
1016290	1016354	-1	2
1016354	1016418	1	2
1016418	1016482	-1	2
1016696	1017944	2	2
1016704	1017944	2	4
1016704	1017944	2	5
1017970	1018354	1	1
1018354	1018450	-1	1
1018450	1018930	1	1
1018930	1019122	-1	1
1019122	1019314	1	1
1019314	1019506	-1	1
1019720	1025640	2	1
1019720	1025640	2	4
1019720	1025640	2	5
1019720	1022920	2	2
1025640	1025920	1	0
1025680	1025920	2	1
1025680	1025920	2	2
1025680	1025920	2	4
1025680	1025920	2	5
1025970	1026210	1	4
1026210	1026270	-1	4
1026270	1026570	1	4
1026570	1026690	-1	4
1026690	1026810	1	4
1026810	1026930	-1	4
1026950	1027190	1	5
1027190	1027250	-1	5
1027250	1027550	1	5
1027550	1027670	-1	5
1027670	1027790	1	5
1027790	1027910	-1	5
1029720	1035544	2	1
1028136	1035544	2	4
1028136	1035544	2	5
1035544	1035830	1	0
1035590	1035830	2	1
1035590	1035830	2	2
1035590	1035830	2	4
1035590	1035830	2	5
1035890	1035922	1	2
1035922	1035986	-1	2
1035986	1036018	1	2
1036018	1036050	-1	2
1036050	1036082	1	2
1036082	1036114	-1	2
1036114	1036178	1	2
1036178	1036242	-1	2
1036242	1036274	1	2
1036274	1036338	-1	2
1036338	1036402	1	2
1036616	1037864	2	2
1036624	1037864	2	4
1036624	1037864	2	5
1037890	1037986	1	1
1037986	1038178	-1	1
1038178	1038274	1	1
1038274	1038370	-1	1
1038370	1038466	1	1
1038466	1038562	-1	1
1038562	1038754	1	1
1038754	1038946	-1	1
1038946	1039042	1	1
1039042	1039234	-1	1
1039234	1039426	1	1
1039640	1045560	2	1
1039640	1045560	2	4
1039640	1045560	2	5
1039640	1042840	2	2
1045560	1045840	1	0
1045600	1045840	2	1
1045600	1045840	2	2
1045600	1045840	2	4
1045600	1045840	2	5
1045890	1045950	1	4
1045950	1046070	-1	4
1046070	1046130	1	4
1046130	1046190	-1	4
1046190	1046250	1	4
1046250	1046310	-1	4
1046310	1046430	1	4
1046430	1046550	-1	4
1046550	1046610	1	4
1046610	1046730	-1	4
1046730	1046850	1	4
1046870	1046930	1	5
1046930	1047050	-1	5
1047050	1047110	1	5
1047110	1047170	-1	5
1047170	1047230	1	5
1047230	1047290	-1	5
1047290	1047410	1	5
1047410	1047530	-1	5
1047530	1047590	1	5
1047590	1047710	-1	5
1047710	1047830	1	5
1049640	1055464	2	1
1048056	1055464	2	4
1048056	1055464	2	5
1055464	1055750	1	0
1055510	1055750	2	1
1055510	1055750	2	2
1055510	1055750	2	4
1055510	1055750	2	5
1055810	1055842	1	2
1055842	1055906	-1	2
1055906	1055938	1	2
1055938	1055970	-1	2
1055970	1056002	1	2
1056002	1056034	-1	2
1056034	1056098	1	2
1056098	1056162	-1	2
1056162	1056194	1	2
1056194	1056258	-1	2
1056258	1056322	1	2
1056536	1057784	2	2
1056544	1057784	2	4
1056544	1057784	2	5
1057810	1057906	1	1
1057906	1058098	-1	1
1058098	1058194	1	1
1058194	1058290	-1	1
1058290	1058386	1	1
1058386	1058482	-1	1
1058482	1058674	1	1
1058674	1058866	-1	1
1058866	1058962	1	1
1058962	1059154	-1	1
1059154	1059346	1	1
1059560	1065480	2	1
1059560	1065480	2	4
1059560	1065480	2	5
1059560	1062760	2	2
1065480	1065760	1	0
1065520	1065760	2	1
1065520	1065760	2	2
1065520	1065760	2	4
1065520	1065760	2	5
1065810	1065870	1	4
1065870	1065990	-1	4
1065990	1066050	1	4
1066050	1066110	-1	4
1066110	1066170	1	4
1066170	1066230	-1	4
1066230	1066350	1	4
1066350	1066470	-1	4
1066470	1066530	1	4
1066530	1066650	-1	4
1066650	1066770	1	4
1066790	1066850	1	5
1066850	1066970	-1	5
1066970	1067030	1	5
1067030	1067090	-1	5
1067090	1067150	1	5
1067150	1067210	-1	5
1067210	1067330	1	5
1067330	1067450	-1	5
1067450	1067510	1	5
1067510	1067630	-1	5
1067630	1067750	1	5
1069560	1075384	2	1
1067976	1075384	2	4
1067976	1075384	2	5
1075384	1075670	1	0
1075430	1075670	2	1
1075430	1075670	2	2
1075430	1075670	2	4
1075430	1075670	2	5
1075730	1075794	1	2
1075794	1075826	-1	2
1075826	1075858	1	2
1075858	1075890	-1	2
1075890	1075922	1	2
1075922	1076082	-1	2
1076082	1076146	1	2
1076146	1076178	-1	2
1076178	1076210	1	2
1076210	1076242	-1	2
1076456	1077704	2	2
1076464	1077704	2	4
1076464	1077704	2	5
1077730	1077922	1	1
1077922	1078018	-1	1
1078018	1078114	1	1
1078114	1078210	-1	1
1078210	1078306	1	1
1078306	1078786	-1	1
1078786	1078978	1	1
1078978	1079074	-1	1
1079074	1079170	1	1
1079170	1079266	-1	1
1079480	1085400	2	1
1079480	1085400	2	4
1079480	1085400	2	5
1079480	1082680	2	2
1085400	1085680	1	0
1085440	1085680	2	1
1085440	1085680	2	2
1085440	1085680	2	4
1085440	1085680	2	5
1085730	1085850	1	4
1085850	1085910	-1	4
1085910	1085970	1	4
1085970	1086030	-1	4
1086030	1086090	1	4
1086090	1086390	-1	4
1086390	1086510	1	4
1086510	1086570	-1	4
1086570	1086630	1	4
1086630	1086690	-1	4
1086710	1086830	1	5
1086830	1086890	-1	5
1086890	1086950	1	5
1086950	1087010	-1	5
1087010	1087070	1	5
1087070	1087370	-1	5
1087370	1087490	1	5
1087490	1087550	-1	5
1087550	1087610	1	5
1087610	1087670	-1	5
1089480	1095304	2	1
1087896	1095304	2	4
1087896	1095304	2	5
1095304	1095590	1	0
1095350	1095590	2	1
1095350	1095590	2	2
1095350	1095590	2	4
1095350	1095590	2	5
1095650	1095714	1	2
1095714	1095746	-1	2
1095746	1095778	1	2
1095778	1095810	-1	2
1095810	1095842	1	2
1095842	1096002	-1	2
1096002	1096066	1	2
1096066	1096098	-1	2
1096098	1096130	1	2
1096130	1096162	-1	2
1096376	1097624	2	2
1096384	1097624	2	4
1096384	1097624	2	5
1097650	1097842	1	1
1097842	1097938	-1	1
1097938	1098034	1	1
1098034	1098130	-1	1
1098130	1098226	1	1
1098226	1098706	-1	1
1098706	1098898	1	1
1098898	1098994	-1	1
1098994	1099090	1	1
1099090	1099186	-1	1
1099400	1105320	2	1
1099400	1105320	2	4
1099400	1105320	2	5
1099400	1102600	2	2
1105320	1105600	1	0
1105360	1105600	2	1
1105360	1105600	2	2
1105360	1105600	2	4
1105360	1105600	2	5
1105650	1105770	1	4
1105770	1105830	-1	4
1105830	1105890	1	4
1105890	1105950	-1	4
1105950	1106010	1	4
1106010	1106310	-1	4
1106310	1106430	1	4
1106430	1106490	-1	4
1106490	1106550	1	4
1106550	1106610	-1	4
1106630	1106750	1	5
1106750	1106810	-1	5
1106810	1106870	1	5
1106870	1106930	-1	5
1106930	1106990	1	5
1106990	1107290	-1	5
1107290	1107410	1	5
1107410	1107470	-1	5
1107470	1107530	1	5
1107530	1107590	-1	5
1109400	1115224	2	1
1107816	1115224	2	4
1107816	1115224	2	5
1115224	1115510	1	0
1115270	1115510	2	1
1115270	1115510	2	2
1115270	1115510	2	4
1115270	1115510	2	5
1115570	1115602	1	2
1115602	1115634	-1	2
1115634	1115666	1	2
1115666	1115730	-1	2
1115730	1115762	1	2
1115762	1115826	-1	2
1115826	1115858	1	2
1115858	1115890	-1	2
1115890	1116018	1	2
1116018	1116082	-1	2
1116296	1117544	2	2
1116304	1117544	2	4
1116304	1117544	2	5
1117570	1117666	1	1
1117666	1117762	-1	1
1117762	1117858	1	1
1117858	1118050	-1	1
1118050	1118146	1	1
1118146	1118338	-1	1
1118338	1118434	1	1
1118434	1118530	-1	1
1118530	1118914	1	1
1118914	1119106	-1	1
1119320	1125240	2	1
1119320	1125240	2	4
1119320	1125240	2	5
1119320	1122520	2	2
1125240	1125520	1	0
1125280	1125520	2	1
1125280	1125520	2	2
1125280	1125520	2	4
1125280	1125520	2	5
1125570	1125630	1	4
1125630	1125690	-1	4
1125690	1125750	1	4
1125750	1125870	-1	4
1125870	1125930	1	4
1125930	1126050	-1	4
1126050	1126110	1	4
1126110	1126170	-1	4
1126170	1126410	1	4
1126410	1126530	-1	4
1126550	1126610	1	5
1126610	1126670	-1	5
1126670	1126730	1	5
1126730	1126850	-1	5
1126850	1126910	1	5
1126910	1127030	-1	5
1127030	1127090	1	5
1127090	1127150	-1	5
1127150	1127390	1	5
1127390	1127510	-1	5
1129320	1135144	2	1
1127736	1135144	2	4
1127736	1135144	2	5
1135144	1135430	1	0
1135190	1135430	2	1
1135190	1135430	2	2
1135190	1135430	2	4
1135190	1135430	2	5
1135490	1135522	1	2
1135522	1135554	-1	2
1135554	1135586	1	2
1135586	1135650	-1	2
1135650	1135682	1	2
1135682	1135746	-1	2
1135746	1135778	1	2
1135778	1135810	-1	2
1135810	1135938	1	2
1135938	1136002	-1	2
1136216	1137464	2	2
1136224	1137464	2	4
1136224	1137464	2	5
1137490	1137586	1	1
1137586	1137682	-1	1
1137682	1137778	1	1
1137778	1137970	-1	1
1137970	1138066	1	1
1138066	1138258	-1	1
1138258	1138354	1	1
1138354	1138450	-1	1
1138450	1138834	1	1
1138834	1139026	-1	1
1139240	1145160	2	1
1139240	1145160	2	4
1139240	1145160	2	5
1139240	1142440	2	2
1145160	1145440	1	0
1145200	1145440	2	1
1145200	1145440	2	2
1145200	1145440	2	4
1145200	1145440	2	5
1145490	1145550	1	4
1145550	1145610	-1	4
1145610	1145670	1	4
1145670	1145790	-1	4
1145790	1145850	1	4
1145850	1145970	-1	4
1145970	1146030	1	4
1146030	1146090	-1	4
1146090	1146330	1	4
1146330	1146450	-1	4
1146470	1146530	1	5
1146530	1146590	-1	5
1146590	1146650	1	5
1146650	1146770	-1	5
1146770	1146830	1	5
1146830	1146950	-1	5
1146950	1147010	1	5
1147010	1147070	-1	5
1147070	1147310	1	5
1147310	1147430	-1	5
1149240	1155064	2	1
1147656	1155064	2	4
1147656	1155064	2	5
1155064	1155350	1	0
1155110	1155350	2	1
1155110	1155350	2	2
1155110	1155350	2	4
1155110	1155350	2	5
1155410	1155506	1	2
1155506	1155570	-1	2
1155570	1155602	1	2
1155602	1155634	-1	2
1155634	1155666	1	2
1155666	1155730	-1	2
1155730	1155794	1	2
1155794	1155826	-1	2
1155826	1155858	1	2
1155858	1155890	-1	2
1155890	1155922	1	2
1156136	1157384	2	2
1156144	1157384	2	4
1156144	1157384	2	5
1157410	1157698	1	1
1157698	1157890	-1	1
1157890	1157986	1	1
1157986	1158082	-1	1
1158082	1158178	1	1
1158178	1158370	-1	1
1158370	1158562	1	1
1158562	1158658	-1	1
1158658	1158754	1	1
1158754	1158850	-1	1
1158850	1158946	1	1
1159160	1165080	2	1
1159160	1165080	2	4
1159160	1165080	2	5
1159160	1162360	2	2
1165080	1165360	1	0
1165120	1165360	2	1
1165120	1165360	2	2
1165120	1165360	2	4
1165120	1165360	2	5
1165410	1165590	1	4
1165590	1165710	-1	4
1165710	1165770	1	4
1165770	1165830	-1	4
1165830	1165890	1	4
1165890	1166010	-1	4
1166010	1166130	1	4
1166130	1166190	-1	4
1166190	1166250	1	4
1166250	1166310	-1	4
1166310	1166370	1	4
1166390	1166570	1	5
1166570	1166690	-1	5
1166690	1166750	1	5
1166750	1166810	-1	5
1166810	1166870	1	5
1166870	1166990	-1	5
1166990	1167110	1	5
1167110	1167170	-1	5
1167170	1167230	1	5
1167230	1167290	-1	5
1167290	1167350	1	5
1169160	1174984	2	1
1167576	1174984	2	4
1167576	1174984	2	5
1174984	1175270	1	0
1175030	1175270	2	1
1175030	1175270	2	2
1175030	1175270	2	4
1175030	1175270	2	5
1175330	1175426	1	2
1175426	1175490	-1	2
1175490	1175522	1	2
1175522	1175554	-1	2
1175554	1175586	1	2
1175586	1175650	-1	2
1175650	1175714	1	2
1175714	1175746	-1	2
1175746	1175778	1	2
1175778	1175810	-1	2
1175810	1175842	1	2
1176056	1177304	2	2
1176064	1177304	2	4
1176064	1177304	2	5
1177330	1177618	1	1
1177618	1177810	-1	1
1177810	1177906	1	1
1177906	1178002	-1	1
1178002	1178098	1	1
1178098	1178290	-1	1
1178290	1178482	1	1
1178482	1178578	-1	1
1178578	1178674	1	1
1178674	1178770	-1	1
1178770	1178866	1	1
1179080	1185000	2	1
1179080	1185000	2	4
1179080	1185000	2	5
1179080	1182280	2	2
1185000	1185280	1	0
1185040	1185280	2	1
1185040	1185280	2	2
1185040	1185280	2	4
1185040	1185280	2	5
1185330	1185510	1	4
1185510	1185630	-1	4
1185630	1185690	1	4
1185690	1185750	-1	4
1185750	1185810	1	4
1185810	1185930	-1	4
1185930	1186050	1	4
1186050	1186110	-1	4
1186110	1186170	1	4
1186170	1186230	-1	4
1186230	1186290	1	4
1186310	1186490	1	5
1186490	1186610	-1	5
1186610	1186670	1	5
1186670	1186730	-1	5
1186730	1186790	1	5
1186790	1186910	-1	5
1186910	1187030	1	5
1187030	1187090	-1	5
1187090	1187150	1	5
1187150	1187210	-1	5
1187210	1187270	1	5
1189080	1194904	2	1
1187496	1194904	2	4
1187496	1194904	2	5
1194904	1195190	1	0
1194950	1195190	2	1
1194950	1195190	2	2
1194950	1195190	2	4
1194950	1195190	2	5
1195250	1195282	1	2
1195282	1195410	-1	2
1195410	1195506	1	2
1195506	1195538	-1	2
1195538	1195602	1	2
1195602	1195634	-1	2
1195634	1195666	1	2
1195666	1195698	-1	2
1195698	1195730	1	2
1195730	1195762	-1	2
1195976	1197224	2	2
1195984	1197224	2	4
1195984	1197224	2	5
1197250	1197346	1	1
1197346	1197730	-1	1
1197730	1198018	1	1
1198018	1198114	-1	1
1198114	1198306	1	1
1198306	1198402	-1	1
1198402	1198498	1	1
1198498	1198594	-1	1
1198594	1198690	1	1
1198690	1198786	-1	1
1199000	1204920	2	1
1199000	1204920	2	4
1199000	1204920	2	5
1199000	1202200	2	2
1204920	1205200	1	0
1204960	1205200	2	1
1204960	1205200	2	2
1204960	1205200	2	4
1204960	1205200	2	5
1205250	1205310	1	4
1205310	1205550	-1	4
1205550	1205730	1	4
1205730	1205790	-1	4
1205790	1205910	1	4
1205910	1205970	-1	4
1205970	1206030	1	4
1206030	1206090	-1	4
1206090	1206150	1	4
1206150	1206210	-1	4
1206230	1206290	1	5
1206290	1206530	-1	5
1206530	1206710	1	5
1206710	1206770	-1	5
1206770	1206890	1	5
1206890	1206950	-1	5
1206950	1207010	1	5
1207010	1207070	-1	5
1207070	1207130	1	5
1207130	1207190	-1	5
1209000	1214824	2	1
1207416	1214824	2	4
1207416	1214824	2	5
1214824	1215110	1	0
1214870	1215110	2	1
1214870	1215110	2	2
1214870	1215110	2	4
1214870	1215110	2	5
1215170	1215202	1	2
1215202	1215330	-1	2
1215330	1215426	1	2
1215426	1215458	-1	2
1215458	1215522	1	2
1215522	1215554	-1	2
1215554	1215586	1	2
1215586	1215618	-1	2
1215618	1215650	1	2
1215650	1215682	-1	2
1215896	1217144	2	2
1215904	1217144	2	4
1215904	1217144	2	5
1217170	1217266	1	1
1217266	1217650	-1	1
1217650	1217938	1	1
1217938	1218034	-1	1
1218034	1218226	1	1
1218226	1218322	-1	1
1218322	1218418	1	1
1218418	1218514	-1	1
1218514	1218610	1	1
1218610	1218706	-1	1
1218920	1224840	2	1
1218920	1224840	2	4
1218920	1224840	2	5
1218920	1222120	2	2
1224840	1225120	1	0
1224880	1225120	2	1
1224880	1225120	2	2
1224880	1225120	2	4
1224880	1225120	2	5
1225170	1225230	1	4
1225230	1225470	-1	4
1225470	1225650	1	4
1225650	1225710	-1	4
1225710	1225830	1	4
1225830	1225890	-1	4
1225890	1225950	1	4
1225950	1226010	-1	4
1226010	1226070	1	4
1226070	1226130	-1	4
1226150	1226210	1	5
1226210	1226450	-1	5
1226450	1226630	1	5
1226630	1226690	-1	5
1226690	1226810	1	5
1226810	1226870	-1	5
1226870	1226930	1	5
1226930	1226990	-1	5
1226990	1227050	1	5
1227050	1227110	-1	5
1228920	1234744	2	1
1227336	1234744	2	4
1227336	1234744	2	5
1234744	1235030	1	0
1234790	1235030	2	1
1234790	1235030	2	2
1234790	1235030	2	4
1234790	1235030	2	5
1235090	1235154	1	2
1235154	1235250	-1	2
1235250	1235314	1	2
1235314	1235346	-1	2
1235346	1235442	1	2
1235442	1235538	-1	2
1235538	1235602	1	2
1235816	1237064	2	2
1235824	1237064	2	4
1235824	1237064	2	5
1237090	1237282	1	1
1237282	1237570	-1	1
1237570	1237762	1	1
1237762	1237858	-1	1
1237858	1238146	1	1
1238146	1238434	-1	1
1238434	1238626	1	1
1238840	1244760	2	1
1238840	1244760	2	4
1238840	1244760	2	5
1238840	1242040	2	2
1244760	1245040	1	0
1244800	1245040	2	1
1244800	1245040	2	2
1244800	1245040	2	4
1244800	1245040	2	5
1245090	1245210	1	4
1245210	1245390	-1	4
1245390	1245510	1	4
1245510	1245570	-1	4
1245570	1245750	1	4
1245750	1245930	-1	4
1245930	1246050	1	4
1246070	1246190	1	5
1246190	1246370	-1	5
1246370	1246490	1	5
1246490	1246550	-1	5
1246550	1246730	1	5
1246730	1246910	-1	5
1246910	1247030	1	5
1248840	1254664	2	1
1247256	1254664	2	4
1247256	1254664	2	5
1254664	1254950	1	0
1254710	1254950	2	1
1254710	1254950	2	2
1254710	1254950	2	4
1254710	1254950	2	5
1255010	1255074	1	2
1255074	1255170	-1	2
1255170	1255234	1	2
1255234	1255266	-1	2
1255266	1255362	1	2
1255362	1255458	-1	2
1255458	1255522	1	2
1255736	1256984	2	2
1255744	1256984	2	4
1255744	1256984	2	5
1257010	1257202	1	1
1257202	1257490	-1	1
1257490	1257682	1	1
1257682	1257778	-1	1
1257778	1258066	1	1
1258066	1258354	-1	1
1258354	1258546	1	1
1258760	1264680	2	1
1258760	1264680	2	4
1258760	1264680	2	5
1258760	1261960	2	2
1264680	1264960	1	0
1264720	1264960	2	1
1264720	1264960	2	2
1264720	1264960	2	4
1264720	1264960	2	5
1265010	1265130	1	4
1265130	1265310	-1	4
1265310	1265430	1	4
1265430	1265490	-1	4
1265490	1265670	1	4
1265670	1265850	-1	4
1265850	1265970	1	4
1265990	1266110	1	5
1266110	1266290	-1	5
1266290	1266410	1	5
1266410	1266470	-1	5
1266470	1266650	1	5
1266650	1266830	-1	5
1266830	1266950	1	5
1268760	1274584	2	1
1267176	1274584	2	4
1267176	1274584	2	5
1274584	1274870	1	0
1274630	1274870	2	1
1274630	1274870	2	2
1274630	1274870	2	4
1274630	1274870	2	5
