24
32
261
0
32
512
262
16
1
1
0
14
0
0
0
1
20
0
0
0
0
1
25
5
1
-1
1
1
1
-1
1
-1
-1
-1
-1
-1
1
1
1
-1
1
1
1
1
1
-1
1
1
1
-1
-1
-1
-1
1
1
1
1
-1
-1
1
1
-1
-1
1
1
1
-1
1
1
-1
-1
-1
1
1
-1
1
1
-1
-1
-1
-1
1
-1
1
-1
-1
-1
1
1
-1
1
-1
1
-1
-1
-1
1
1
1
1
-1
1
1
1
1
1
1
-1
1
-1
-1
1
-1
1
1
1
1
1
1
-1
1
-1
-1
-1
1
-1
1
1
-1
-1
1
-1
-1
-1
-1
1
1
1
-1
-1
1
-1
1
-1
1
-1
1
-1
1
-1
-1
-1
1
-1
1
1
-1
-1
-1
-1
-1
1
1
-1
-1
-1
-1
-1
1
1
1
1
-1
-1
-1
1
1
1
1
-1
1
-1
-1
1
1
-1
-1
1
-1
-1
1
1
1
-1
1
1
-1
1
1
-1
1
1
-1
1
-1
-1
1
-1
-1
-1
1
1
1
1
1
1
1
-1
1
-1
-1
-1
1
-1
1
-1
-1
1
1
-1
-1
1
1
1
1
-1
-1
-1
1
1
-1
-1
-1
1
-1
-1
-1
-1
1
-1
-1
-1
-1
-1
-1
1
-1
1
-1
-1
1
1
1
1
1
1
-1
-1
-1
-1
-1
-1
1
1
-1
-1
-1
1
1
-1
1
-1
1
1
1
1
-1
-1
-1
-1
1
-1
1
-1
1
1
1
1
1
1
1
1
-1
1
1
-1
1
-1
-1
-1
1
-1
1
-1
-1
1
1
1
1
1
1
1
1
1
1
1
-1
1
1
1
-1
1
1
1
1
-1
-1
1
1
1
-1
1
-1
-1
1
-1
1
-1
1
1
1
-1
1
1
-1
1
-1
-1
1
-1
1
1
1
-1
1
1
1
1
-1
1
-1
1
1
-1
1
1
1
-1
-1
-1
1
1
-1
1
-1
-1
-1
-1
-1
1
-1
-1
1
1
-1
-1
1
1
-1
-1
1
-1
-1
-1
1
1
-1
1
1
-1
1
1
-1
1
1
-1
-1
1
-1
-1
-1
1
-1
1
1
1
1
1
-1
1
1
1
1
1
-1
-1
1
1
-1
-1
1
-1
-1
1
-1
1
-1
1
1
-1
-1
1
-1
-1
1
1
1
1
-1
1
-1
1
-1
-1
-1
-1
-1
1
1
-1
1
-1
1
-1
1
-1
-1
1
-1
-1
1
-1
1
1
1
1
-1
-1
1
1
1
-1
-1
1
-1
1
-1
-1
1
1
-1
1
-1
1
1
-1
-1
-1
-1
1
1
1
-1
1
1
-1
1
-1
1
-1
1
1
-1
-1
-1
1
1
-1
1
1
1
-1
-1
-1
1
1
