0
0
0
0
0
0
0
0
2.54754e-09
0.00491548
0.0740085
0.362145
1.07419
2.36969
3.86471
4.25369
2.11151
-3.23315
-10.7429
-16.9881
-17.5607
-8.69075
10.3158
34.9314
55.4741
58.071
32.0425
-22.8885
-92.7147
-147.328
-153.117
-86.4592
50.3058
216.226
344.075
356.734
206.251
-90.5106
-447.492
-714.491
-741.255
-442.294
149.613
845.189
1366.48
1426.75
867.159
-222.666
-1514.13
-2479.65
-2611.82
-1640.39
314.676
2638.2
4434.02
4773.28
3097.45
-421.334
-4849
-8541.37
-9679.19
-6815.93
597.817
11786.7
24849.5
37057.7
45657.8
48647
45268.6
36375.1
24026.8
11008.1
9.29343
-7129.07
-9713.03
-8367.97
-4573.92
-161.255
3261.79
4808.83
4355.27
2498.69
173.076
-1733.71
-2634.55
-2439.48
-1436.8
-144.118
919.87
1440.69
1344.59
803.798
106.911
-470.704
-748.656
-703.557
-426.025
-68.952
220.459
360.534
338.667
206.2
40.2977
-92.8981
-154.709
-145.034
-88.4194
-18.7876
34.5729
58.6841
54.5612
33.3869
8.88978
-9.5603
-17.7694
-16.7196
-10.2647
-2.81252
2.33759
4.29175
3.78646
2.27404
1.01332
0.333883
0.0653112
0.00382768
0
0
0
0
0
0
0
0
0
0

