24
96
245
0
32
32
740
16
3
1
0
14
0
14
14
0
20
0
0
0
0
1
0
0
1
1
1
1
-1
-1
-1
1
-1
-1
1
-1
-1
1
-1
1
1
-1
1
1
-1
-1
1
-1
1
-1
-1
1
-1
1
1
1
1
1
-1
1
-1
-1
1
-1
-1
-1
1
-1
-1
-1
-1
-1
1
-1
-1
1
-1
-1
-1
1
1
-1
-1
1
-1
-1
1
-1
1
1
1
-1
-1
-1
1
-1
-1
1
1
1
1
-1
1
1
1
-1
1
-1
-1
-1
-1
1
1
1
-1
-1
1
-1
-1
1
1
1
-1
-1
-1
-1
-1
1
-1
1
1
1
1
1
1
-1
1
-1
-1
-1
-1
-1
1
-1
1
1
-1
-1
1
1
-1
-1
1
1
1
1
1
-1
1
-1
-1
1
-1
1
-1
1
1
-1
1
-1
1
1
1
-1
-1
1
1
1
1
-1
-1
1
-1
-1
1
1
-1
1
1
-1
-1
1
-1
1
-1
1
-1
-1
1
1
1
-1
-1
1
1
-1
1
-1
1
1
1
-1
-1
-1
-1
1
1
1
1
-1
1
-1
-1
1
-1
-1
-1
-1
1
-1
-1
-1
1
-1
1
-1
1
-1
1
-1
1
-1
1
1
1
-1
1
-1
1
1
-1
-1
1
-1
1
-1
-1
-1
-1
-1
1
1
-1
1
1
-1
-1
-1
1
-1
-1
1
1
-1
1
1
1
1
1
1
1
1
1
1
-1
1
-1
-1
1
-1
-1
1
1
1
-1
-1
1
-1
1
1
-1
1
1
1
-1
-1
1
-1
1
1
1
-1
1
1
-1
1
-1
1
1
1
1
-1
-1
1
1
-1
-1
1
1
-1
-1
1
-1
1
-1
-1
-1
-1
1
-1
1
-1
1
1
1
1
1
-1
-1
1
1
1
1
1
-1
-1
-1
-1
1
-1
1
-1
1
-1
-1
1
-1
-1
-1
1
1
1
-1
-1
-1
-1
1
1
-1
-1
-1
1
-1
-1
1
1
-1
-1
-1
1
1
1
1
-1
-1
-1
-1
1
1
1
-1
1
1
1
-1
1
-1
1
1
1
1
1
1
1
1
1
1
1
1
-1
1
1
1
1
1
-1
1
1
1
1
-1
-1
-1
1
-1
1
1
1
-1
1
1
1
-1
1
1
1
-1
-1
1
1
1
-1
1
-1
1
-1
1
-1
-1
1
1
1
1
1
-1
1
-1
1
1
-1
-1
-1
1
1
1
-1
1
1
-1
-1
1
-1
1
1
-1
-1
-1
1
1
-1
1
-1
1
1
1
1
-1
-1
-1
-1
-1
-1
1
1
1
1
-1
-1
1
1
1
1
1
-1
1
1
-1
1
-1
-1
1
-1
-1
-1
1
1
-1
-1
-1
-1
-1
-1
-1
1
1
-1
