0	120	1	450
120	210	-1	450
210	240	1	450
240	300	-1	450
300	330	1	450
330	390	-1	450
390	420	1	450
420	450	-1	450
450	480	1	450
600	8020	2	450
16000	16030	1	450
16030	16060	-1	450
16060	16120	1	450
16120	16180	-1	450
16180	16210	1	450
16210	16240	-1	450
16240	16270	1	450
16270	16330	-1	450
16330	16360	1	450
16360	16390	-1	450
16390	16480	1	450
16600	24020	2	450
32000	32060	1	450
32060	32090	-1	450
32090	32120	1	450
32120	32180	-1	450
32180	32210	1	450
32210	32300	-1	450
32300	32330	1	450
32330	32480	-1	450
32600	40020	2	450
48000	48030	1	450
48030	48090	-1	450
48090	48120	1	450
48120	48210	-1	450
48210	48270	1	450
48270	48330	-1	450
48330	48360	1	450
48360	48420	-1	450
48420	48450	1	450
48450	48480	-1	450
48600	56020	2	450
64000	64090	1	450
64090	64180	-1	450
64180	64210	1	450
64210	64270	-1	450
64270	64390	1	450
64390	64420	-1	450
64420	64480	1	450
64600	72020	2	450
80000	80030	1	450
80030	80060	-1	450
80060	80090	1	450
80090	80210	-1	450
80210	80300	1	450
80300	80360	-1	450
80360	80390	1	450
80390	80450	-1	450
80450	80480	1	450
80600	88020	2	450
96000	96060	1	450
96060	96210	-1	450
96210	96240	1	450
96240	96270	-1	450
96270	96450	1	450
96450	96480	-1	450
96600	104020	2	450
112000	112030	1	450
112030	112180	-1	450
112180	112210	1	450
112210	112240	-1	450
112240	112300	1	450
112300	112360	-1	450
112360	112420	1	450
112420	112480	-1	450
112600	120020	2	450
128000	128150	1	450
128150	128180	-1	450
128180	128210	1	450
128210	128270	-1	450
128270	128300	1	450
128300	128330	-1	450
128330	128360	1	450
128360	128390	-1	450
128390	128450	1	450
128450	128480	-1	450
128600	136020	2	450
144000	144030	1	450
144030	144060	-1	450
144060	144150	1	450
144150	144210	-1	450
144210	144330	1	450
144330	144390	-1	450
144390	144420	1	450
144420	144480	-1	450
144600	152020	2	450
160000	160060	1	450
160060	160090	-1	450
160090	160150	1	450
160150	160210	-1	450
160210	160240	1	450
160240	160270	-1	450
160270	160300	1	450
160300	160330	-1	450
160330	160360	1	450
160360	160420	-1	450
160420	160480	1	450
160600	168020	2	450
176000	176030	1	450
176030	176090	-1	450
176090	176150	1	450
176150	176180	-1	450
176180	176210	1	450
176210	176240	-1	450
176240	176330	1	450
176330	176450	-1	450
176450	176480	1	450
176600	184020	2	450
192000	192090	1	450
192090	192120	-1	450
192120	192150	1	450
192150	192210	-1	450
192210	192240	1	450
192240	192360	-1	450
192360	192390	1	450
192390	192480	-1	450
192600	200020	2	450
208000	208030	1	450
208030	208060	-1	450
208060	208090	1	450
208090	208120	-1	450
208120	208150	1	450
208150	208180	-1	450
208180	208210	1	450
208210	208240	-1	450
208240	208270	1	450
208270	208300	-1	450
208300	208390	1	450
208390	208420	-1	450
208420	208450	1	450
208450	208480	-1	450
208600	216020	2	450
224000	224060	1	450
224060	224120	-1	450
224120	224150	1	450
224150	224180	-1	450
224180	224210	1	450
224210	224360	-1	450
224360	224420	1	450
224420	224450	-1	450
224450	224480	1	450
224600	232020	2	450
240000	240030	1	450
240030	240120	-1	450
240120	240150	1	450
240150	240210	-1	450
240210	240270	1	450
240270	240300	-1	450
240300	240480	1	450
240600	248020	2	450
256000	256120	1	450
256120	256150	-1	450
256150	256180	1	450
256180	256240	-1	450
256240	256270	1	450
256270	256330	-1	450
256330	256420	1	450
256420	256480	-1	450
256600	264020	2	450
272000	272030	1	450
272030	272060	-1	450
272060	272120	1	450
272120	272150	-1	450
272150	272240	1	450
272240	272300	-1	450
272300	272330	1	450
272330	272360	-1	450
272360	272450	1	450
272450	272480	-1	450
272600	280020	2	450
288000	288060	1	450
288060	288090	-1	450
288090	288120	1	450
288120	288150	-1	450
288150	288270	1	450
288270	288330	-1	450
288330	288390	1	450
288390	288450	-1	450
288450	288480	1	450
288600	296020	2	450
304000	304030	1	450
304030	304090	-1	450
304090	304120	1	450
304120	304150	-1	450
304150	304180	1	450
304180	304300	-1	450
304300	304330	1	450
304330	304360	-1	450
304360	304390	1	450
304390	304420	-1	450
304420	304480	1	450
304600	312020	2	450
320000	320090	1	450
320090	320150	-1	450
320150	320300	1	450
320300	320420	-1	450
320420	320450	1	450
320450	320480	-1	450
320600	328020	2	450
336000	336030	1	450
336030	336060	-1	450
336060	336090	1	450
336090	336150	-1	450
336150	336180	1	450
336180	336270	-1	450
336270	336360	1	450
336360	336480	-1	450
336600	344020	2	450
352000	352060	1	450
352060	352150	-1	450
352150	352180	1	450
352180	352240	-1	450
352240	352300	1	450
352300	352390	-1	450
352390	352480	1	450
352600	360020	2	450
368000	368030	1	450
368030	368150	-1	450
368150	368240	1	450
368240	368270	-1	450
368270	368360	1	450
368360	368390	-1	450
368390	368420	1	450
368420	368450	-1	450
368450	368480	1	450
368600	376020	2	450
384000	384330	1	450
384330	384360	-1	450
384360	384480	1	450
384600	392020	2	450
400000	400030	1	450
400030	400060	-1	450
400060	400180	1	450
400180	400270	-1	450
400270	400300	1	450
400300	400330	-1	450
400330	400420	1	450
400420	400450	-1	450
400450	400480	1	450
400600	408020	2	450
416000	416060	1	450
416060	416090	-1	450
416090	416180	1	450
416180	416240	-1	450
416240	416330	1	450
416330	416360	-1	450
416360	416390	1	450
416390	416420	-1	450
416420	416450	1	450
416450	416480	-1	450
416600	424020	2	450
432000	432030	1	450
432030	432090	-1	450
432090	432240	1	450
432240	432270	-1	450
432270	432300	1	450
432300	432330	-1	450
432330	432390	1	450
432390	432480	-1	450
432600	440020	2	450
448000	448090	1	450
448090	448120	-1	450
448120	448180	1	450
448180	448240	-1	450
448240	448270	1	450
448270	448300	-1	450
448300	448360	1	450
448360	448450	-1	450
448450	448480	1	450
448600	456020	2	450
464000	464030	1	450
464030	464060	-1	450
464060	464090	1	450
464090	464120	-1	450
464120	464240	1	450
464240	464420	-1	450
464420	464480	1	450
464600	472020	2	450
480000	480060	1	450
480060	480120	-1	450
480120	480270	1	450
480270	480300	-1	450
480300	480360	1	450
480360	480390	-1	450
480390	480420	1	450
480420	480480	-1	450
480600	488020	2	450
496000	496030	1	450
496030	496120	-1	450
496120	496180	1	450
496180	496390	-1	450
496390	496450	1	450
496450	496480	-1	450
496600	504020	2	450
