24
32
173
0
32
512
174
16
1
1
0
14
0
0
0
1
20
0
0
0
0
1
25
4
1
-1
1
1
1
-1
1
-1
-1
-1
-1
-1
1
1
1
-1
1
1
1
1
1
-1
1
1
1
-1
-1
-1
-1
1
1
1
1
-1
-1
1
1
-1
-1
1
1
1
-1
1
1
-1
-1
-1
1
1
-1
1
1
-1
-1
-1
-1
1
-1
1
-1
-1
-1
1
1
-1
1
-1
1
-1
-1
-1
1
1
1
1
-1
1
1
1
1
1
1
-1
1
-1
-1
1
-1
1
1
1
1
1
1
-1
1
-1
-1
-1
1
-1
1
1
-1
-1
1
-1
-1
-1
-1
1
1
1
-1
-1
1
-1
1
-1
1
-1
1
-1
1
-1
-1
-1
1
-1
1
1
-1
-1
-1
-1
-1
1
1
-1
-1
-1
-1
-1
1
1
1
1
-1
-1
-1
1
1
1
1
-1
1
-1
-1
1
1
-1
-1
1
-1
-1
1
1
1
-1
1
1
-1
1
1
-1
1
1
-1
1
-1
-1
1
-1
-1
-1
1
1
1
1
1
1
1
-1
1
-1
-1
-1
1
-1
1
-1
-1
1
1
-1
-1
1
1
1
1
-1
-1
-1
1
1
-1
-1
-1
1
-1
-1
-1
-1
1
-1
-1
-1
-1
-1
-1
1
-1
1
-1
-1
1
1
1
1
1
1
-1
-1
-1
-1
-1
-1
1
1
-1
-1
-1
1
1
-1
1
-1
1
1
1
1
-1
-1
-1
-1
1
-1
1
-1
1
1
1
1
1
1
1
1
-1
1
1
-1
1
-1
-1
-1
1
-1
1
-1
-1
1
1
1
1
1
1
1
1
1
1
1
-1
1
1
1
-1
1
1
1
1
-1
-1
1
1
1
-1
1
-1
-1
1
-1
1
-1
1
1
1
-1
1
1
-1
1
-1
-1
1
-1
1
1
1
-1
1
1
1
1
-1
1
-1
1
1
-1
1
1
1
-1
-1
-1
1
1
-1
1
-1
-1
-1
-1
-1
1
-1
-1
1
1
-1
-1
1
1
-1
-1
1
-1
-1
-1
1
1
-1
1
1
-1
1
1
-1
1
1
-1
-1
1
-1
-1
-1
1
-1
1
1
1
1
1
-1
1
1
1
1
1
-1
-1
1
1
-1
-1
1
-1
-1
1
-1
1
-1
1
1
-1
-1
1
-1
-1
1
1
1
1
-1
1
-1
1
-1
-1
-1
-1
-1
1
1
-1
1
-1
1
-1
1
-1
-1
1
-1
-1
1
-1
1
1
1
1
-1
-1
1
1
1
-1
-1
1
-1
1
-1
-1
1
1
-1
1
-1
1
1
-1
-1
-1
-1
1
1
1
-1
1
1
-1
1
-1
1
-1
1
1
-1
-1
-1
1
1
-1
1
1
1
-1
-1
-1
1
1
