Date/time	4  High Voltage phase A	5  High Voltage phase B	6  High Voltage phase C	9  Mode Anode PS Voltage	10  Mode Anode PS Current	11  Oil Temperature	12  Water In Temperature	13  Collector A Temperature	15  Body A Temperature	17  Collector B Temperature	19  Body B Temperature	21  A1 Magnet Current	22  A2 Magnet Current	23  A3 Magnet Current	24  A4 Magnet Current	25  Vac Ion A	26  B1 Magnet Current	27  B2 Magnet Current	28  B3 Magnet Current	29  B4 Magnet Current	30  Vac Ion B	31  Kly A Filament Voltage	32  Kly A Filament Current	33  Kly B Filament Voltage	34  Kly B Filament Current	41  Kly A Average Power	43  Kly B Average Power	53  HV DC Voltage	54  HV DC Current	
08:06:53-22.05.00	4259,76	4266,01	4257,09	0,06	1,46	0,18	0,10	0,19	0,19	0,09	0,05	0,04	0,03	0,05	0,07	3,09	0,05	0,01	0,09	0,08	0,73	0,04	0,04	0,11	0,06	0,22	0,22	0,55	0,04	
08:16:54-22.05.00	4260,66	4243,71	4253,52	0,10	1,87	33,18	24,65	27,95	21,52	25,42	22,48	22,58	26,01	14,09	19,91	2,89	24,73	29,04	14,46	18,22	2,93	24,62	23,04	22,13	23,77	0,06	0,94	0,51	0,04	
08:26:54-22.05.00	4266,90	4248,17	4263,33	0,07	1,87	33,17	27,23	30,34	23,96	27,88	24,76	22,58	25,98	14,11	19,98	3,21	24,69	29,03	14,46	18,12	5,25	24,64	22,98	22,13	23,51	0,11	0,81	0,72	0,04	
08:36:54-22.05.00	4273,14	4259,76	4274,03	0,05	2,45	33,69	29,37	32,26	26,01	30,12	26,79	22,58	26,06	14,12	19,95	3,25	24,69	29,06	14,46	18,17	6,84	24,61	22,90	22,11	23,47	0,21	0,38	0,60	0,03	
08:46:54-22.05.00	4245,50	4222,31	4239,25	22,85	2,76	34,08	32,43	35,27	27,92	33,37	28,78	22,57	25,99	14,10	19,92	3,24	24,68	29,11	14,45	18,16	4,27	24,63	22,99	22,16	23,52	0,92	1,51	42,34	1,28	
08:56:54-22.05.00	4231,23	4208,94	4227,66	22,83	4,77	34,45	22,27	26,37	23,91	23,78	24,41	22,60	26,06	14,12	19,99	3,54	24,73	29,44	14,49	18,25	3,66	24,60	23,05	22,12	23,56	1,59	2,52	46,59	1,70	
09:06:54-22.05.00	4248,17	4234,80	4241,04	22,82	4,97	34,29	23,09	27,15	21,43	24,59	22,19	22,59	26,06	14,14	19,95	3,20	24,69	29,42	14,44	18,14	5,55	24,58	22,95	22,09	23,48	1,86	2,43	46,49	1,71	
09:16:54-22.05.00	4246,39	4219,64	4234,80	22,87	5,31	34,42	22,23	26,65	21,23	24,09	21,88	22,53	26,12	14,11	19,95	3,10	24,77	29,38	14,41	18,20	4,03	24,64	23,00	22,14	23,50	4,94	3,68	50,39	2,10	
09:26:54-22.05.00	4231,23	4210,72	4224,09	22,79	7,32	34,38	22,71	27,26	22,19	24,86	22,66	22,52	26,06	14,10	19,97	3,19	24,69	29,40	14,42	18,20	4,58	24,60	22,94	22,10	23,39	21,77	16,55	61,24	3,40	
09:36:54-22.05.00	4218,74	4215,18	4213,39	22,83	7,25	34,38	23,72	28,58	22,34	26,23	23,07	22,54	26,00	14,11	19,99	3,14	24,73	29,43	14,42	18,21	3,78	24,55	22,93	22,08	23,41	30,47	25,99	65,39	3,97	
09:46:54-22.05.00	4200,02	4175,05	4194,67	22,82	7,46	34,23	22,92	27,94	23,01	25,53	23,39	22,56	26,08	14,14	19,89	3,14	24,72	29,45	14,46	18,16	5,55	24,60	22,98	22,08	23,39	29,17	24,66	64,99	3,91	
09:56:54-22.05.00	4219,64	4159,00	4189,32	22,83	7,12	34,34	23,93	28,71	22,78	26,37	23,46	22,57	26,07	14,14	19,99	2,97	24,72	29,42	14,49	18,20	5,49	24,57	22,93	22,07	23,41	29,87	25,14	65,17	3,92	
10:06:54-22.05.00	4212,50	4200,02	4230,34	22,83	6,98	34,16	22,86	27,89	23,13	25,43	23,59	22,56	26,07	14,09	19,94	2,85	24,74	29,42	14,40	18,18	4,39	24,54	22,92	22,10	23,44	30,71	26,06	65,65	3,99	
10:16:54-22.05.00	4296,32	4241,93	4272,25	0,21	2,11	34,57	24,00	28,64	22,83	26,25	23,33	22,55	26,05	14,15	19,93	3,30	24,72	29,42	14,48	18,24	2,87	24,57	22,96	22,06	23,44	0,10	0,62	0,39	0,02	
10:26:54-22.05.00	4234,80	4198,23	4237,47	22,85	7,39	34,55	21,70	26,32	20,73	23,89	21,39	22,60	26,12	14,12	19,95	3,26	24,69	29,45	14,39	18,22	3,72	24,57	22,95	22,05	23,40	34,20	29,31	66,92	4,20	
10:36:55-22.05.00	4274,92	4252,63	4279,38	0,38	2,25	34,30	23,89	28,69	23,49	26,65	24,05	22,55	26,13	14,16	19,95	2,98	24,77	29,42	14,37	18,17	5,74	24,63	22,96	22,09	23,39	0,32	0,71	0,68	0,03	
10:46:55-22.05.00	4274,92	4262,44	4266,90	0,09	1,91	34,41	21,31	25,00	20,70	22,36	21,51	22,57	26,06	14,14	20,00	3,58	24,71	29,40	14,47	18,14	4,76	24,54	22,90	22,04	23,37	0,11	0,87	0,30	0,05	
10:56:55-22.05.00	4185,75	4178,62	4194,67	22,83	8,10	34,47	23,80	28,48	21,31	26,21	22,04	22,58	26,06	14,11	19,97	3,06	24,66	29,39	14,45	18,19	5,55	24,53	22,92	22,07	23,46	53,37	46,66	73,29	5,08	
11:06:55-22.05.00	4230,34	4174,16	4210,72	22,83	7,76	34,41	24,24	29,11	24,08	26,70	24,65	22,63	26,12	14,11	19,94	3,21	24,67	29,41	14,47	18,12	4,94	24,56	22,94	22,09	23,42	52,99	47,45	73,28	5,06	
11:16:55-22.05.00	4258,87	4248,17	4276,71	0,11	2,59	34,37	21,89	25,60	22,84	22,90	23,47	22,62	26,10	14,13	19,95	3,35	24,70	29,43	14,44	18,25	2,32	24,53	22,96	22,07	23,46	0,13	0,86	0,43	0,04	
11:26:56-22.05.00	4200,02	4166,13	4195,56	22,81	7,69	34,11	22,89	27,45	21,34	25,01	22,16	22,58	26,09	14,10	19,96	3,13	24,69	29,36	14,44	18,21	4,94	24,52	22,87	22,05	23,43	59,59	51,38	74,96	5,28	
11:36:56-22.05.00	4209,83	4191,10	4178,62	22,81	8,68	34,36	24,38	29,37	24,33	27,23	24,80	22,64	26,12	14,13	19,94	2,89	24,68	29,42	14,36	18,19	7,63	24,56	22,98	22,11	23,50	59,83	52,70	75,06	5,28	
11:46:56-22.05.00	4233,01	4205,37	4219,64	22,84	8,75	34,32	24,50	29,33	24,42	26,98	24,94	22,52	26,11	14,12	19,94	3,03	24,65	29,40	14,46	18,19	5,74	24,58	22,95	22,10	23,50	61,00	53,76	75,16	5,33	
11:56:56-22.05.00	4235,69	4191,99	4224,99	22,87	7,52	34,30	24,44	29,41	24,48	27,05	25,09	22,60	26,03	14,15	19,92	3,06	24,71	29,39	14,44	18,19	3,05	24,60	23,00	22,09	23,49	60,64	52,99	75,21	5,32	
12:06:56-22.05.00	4234,80	4190,21	4216,96	22,84	8,14	34,38	24,35	29,38	24,54	27,23	25,16	22,54	26,09	14,17	19,97	2,94	24,66	29,46	14,46	18,21	4,58	24,59	22,95	22,07	23,45	60,10	52,54	75,05	5,32	
12:16:56-22.05.00	4230,34	4194,67	4221,42	22,81	8,58	34,69	24,47	29,56	24,58	27,30	25,23	22,63	26,05	14,11	19,96	3,15	24,66	29,43	14,46	18,14	4,27	24,58	22,96	22,07	23,50	60,37	52,78	75,08	5,31	
12:26:56-22.05.00	4227,66	4227,66	4222,31	22,84	8,10	34,84	24,63	29,68	24,88	27,50	25,37	22,56	26,08	14,17	19,98	2,95	24,70	29,40	14,42	18,18	3,17	24,59	22,98	22,10	23,50	60,78	52,94	75,25	5,34	
12:36:56-22.05.00	4251,74	4203,58	4248,17	22,85	8,72	34,97	24,85	29,80	24,90	27,69	25,45	22,59	26,12	14,17	19,91	3,16	24,72	29,46	14,46	18,20	3,85	24,58	23,01	22,08	23,46	60,94	53,64	75,33	5,35	
12:46:56-22.05.00	4230,34	4210,72	4233,01	22,84	8,72	34,91	24,97	29,88	25,13	27,68	25,72	22,59	26,08	14,12	19,99	2,99	24,71	29,40	14,44	18,23	4,94	24,59	22,96	22,11	23,53	61,08	53,43	75,25	5,34	
12:56:56-22.05.00	4237,47	4180,40	4227,66	22,82	8,55	35,14	24,99	30,04	25,17	27,86	25,66	22,53	26,12	14,15	19,92	2,93	24,67	29,44	14,42	18,19	3,78	24,59	22,97	22,11	23,45	60,87	53,10	75,25	5,35	
06:24:20-23.05.00	4305,24	4276,71	4297,22	0,07	1,87	0,20	0,18	0,18	0,33	0,06	1,00	0,08	0,07	0,05	0,03	2,73	0,07	0,01	0,11	0,05	4,94	0,05	0,06	0,10	0,05	0,46	0,21	0,49	0,03	
06:34:21-23.05.00	4301,67	4290,97	4302,57	0,08	1,46	30,38	19,96	23,66	17,85	20,80	18,46	22,49	25,81	14,10	19,87	3,02	24,62	29,47	14,39	18,18	3,30	24,76	23,44	22,25	23,93	0,08	0,30	0,50	0,04	
06:44:21-23.05.00	4296,32	4266,90	4281,17	0,06	2,49	30,80	21,26	24,91	20,03	22,25	20,80	22,51	25,85	14,20	19,92	3,07	24,69	29,43	14,43	18,13	2,99	24,74	23,25	22,20	23,70	0,16	0,52	0,68	0,05	
06:54:21-23.05.00	4290,97	4258,87	4267,79	0,09	2,28	31,10	17,18	21,33	16,53	18,32	17,25	22,50	25,90	14,09	19,94	2,84	24,65	29,44	14,41	18,20	1,95	24,66	23,18	22,20	23,58	0,08	0,63	0,52	0,03	
07:04:21-23.05.00	4250,85	4211,61	4241,04	22,82	7,93	31,48	20,03	24,67	18,12	22,00	18,72	22,56	26,00	14,17	19,91	3,04	24,69	29,39	14,43	18,20	4,21	24,68	23,01	22,20	23,63	24,87	20,36	67,26	2,91	
07:14:21-23.05.00	4240,15	4215,18	4219,64	22,81	8,14	31,75	23,03	27,36	21,48	24,81	22,10	22,59	25,99	14,13	19,88	3,04	24,66	29,41	14,38	18,24	4,33	24,66	23,01	22,17	23,60	25,06	21,26	67,31	2,92	
07:24:21-23.05.00	4233,90	4233,01	4234,80	22,84	7,66	32,20	22,49	26,91	21,37	24,43	21,96	22,55	26,00	14,15	19,94	3,05	24,70	29,41	14,46	18,19	2,08	24,67	23,11	22,23	23,55	24,82	20,69	67,17	2,92	
07:34:21-23.05.00	4189,32	4183,08	4205,37	22,82	8,10	32,61	22,14	26,86	21,98	24,41	22,48	22,58	26,07	14,18	19,96	2,95	24,74	29,49	14,42	18,21	2,44	24,69	23,03	22,20	23,63	45,20	39,12	76,40	3,83	
07:44:21-23.05.00	4203,58	4186,64	4191,99	22,82	9,40	32,79	23,38	28,19	22,94	25,67	23,57	22,59	26,02	14,15	19,91	2,97	24,66	29,43	14,45	18,24	5,25	24,65	23,05	22,15	23,59	45,37	38,58	76,47	3,81	
07:54:21-23.05.00	4233,90	4202,69	4230,34	22,83	4,83	33,61	21,55	25,77	22,06	22,94	22,83	22,57	26,04	14,10	19,90	3,28	24,65	29,42	14,44	18,23	3,11	24,63	22,98	22,11	23,54	0,79	1,59	43,87	0,99	
08:04:21-23.05.00	4227,66	4224,09	4228,55	22,84	4,77	33,39	22,49	26,28	21,14	23,63	21,84	22,54	26,04	14,09	19,92	3,14	24,70	29,45	14,51	18,19	3,36	24,58	22,89	22,11	23,52	0,75	1,19	43,95	1,00	
08:14:21-23.05.00	4160,78	4182,18	4187,53	22,82	9,98	33,94	23,91	28,65	22,67	26,24	22,89	22,52	26,06	14,16	19,92	3,01	24,70	29,44	14,39	18,17	2,81	24,55	22,96	22,06	23,45	61,79	53,73	82,07	4,36	
08:24:21-23.05.00	4208,04	4194,67	4179,51	22,83	10,69	33,63	23,43	28,37	24,25	26,12	23,90	22,58	26,13	14,15	19,93	3,33	24,71	29,44	14,48	18,18	3,78	24,56	22,93	22,08	23,48	70,89	61,00	84,69	4,64	
08:34:21-23.05.00	4228,55	4208,04	4221,42	5,39	3,23	33,92	23,51	27,58	23,10	25,21	23,14	22,58	26,04	14,10	19,95	3,20	24,73	29,38	14,49	18,25	3,54	24,53	22,98	22,05	23,42	0,16	0,62	16,80	0,43	
08:44:21-23.05.00	4200,02	4175,94	4186,64	22,85	10,52	34,33	22,96	27,85	23,08	25,48	23,31	22,59	26,09	14,10	19,95	3,02	24,71	29,41	14,45	18,20	3,30	24,54	22,95	22,04	23,43	61,84	53,07	82,05	4,36	
08:54:21-23.05.00	4208,04	4159,89	4191,99	22,84	9,91	34,36	23,65	28,42	24,25	26,17	24,97	22,58	26,11	14,15	19,96	3,03	24,70	29,40	14,47	18,21	4,21	24,59	23,08	22,08	23,45	62,19	53,37	82,02	4,38	
09:04:21-23.05.00	4166,13	4159,89	4185,75	22,84	9,67	34,16	24,04	28,83	24,70	26,59	24,87	22,57	26,07	14,10	19,95	3,25	24,75	29,51	14,49	18,22	2,75	24,56	23,05	22,08	23,46	61,76	53,37	82,07	4,39	
09:14:21-23.05.00	4208,94	4173,27	4184,86	22,80	9,53	34,48	24,24	29,01	25,04	26,70	25,09	22,60	26,07	14,16	19,92	3,27	24,71	29,50	14,44	18,26	4,70	24,51	23,06	22,07	23,43	62,05	53,73	82,21	4,38	
09:24:21-23.05.00	4196,45	4176,83	4197,34	22,80	8,92	34,67	22,49	26,74	23,52	24,18	24,10	22,56	26,15	14,15	19,93	3,16	24,74	29,42	14,49	18,22	5,19	24,54	23,02	22,09	23,45	61,41	51,51	81,59	4,36	
09:34:21-23.05.00	4188,43	4164,35	4203,58	22,83	9,26	34,73	23,77	28,58	24,27	26,45	24,44	22,60	26,11	14,11	19,94	3,20	24,73	29,44	14,46	18,28	2,32	24,58	23,09	22,07	23,43	60,43	52,03	81,72	4,34	
09:44:22-23.05.00	4187,53	4170,59	4198,23	22,81	9,77	34,67	24,21	28,98	24,80	26,86	24,98	22,61	26,11	14,12	19,92	3,20	24,68	29,44	14,45	18,23	4,09	24,54	22,94	22,06	23,41	60,91	52,51	81,79	4,33	
09:54:22-23.05.00	4198,23	4202,69	4215,18	22,84	9,94	34,70	24,49	29,22	25,23	27,15	25,29	22,62	26,12	14,13	19,97	3,23	24,75	29,45	14,52	18,32	2,20	24,60	22,96	22,09	23,47	62,46	53,86	82,29	4,39	
10:04:22-23.05.00	4224,99	4183,08	4207,15	22,82	9,53	34,84	24,68	29,40	25,35	27,22	25,54	22,60	26,07	14,12	19,93	3,22	24,77	29,39	14,41	18,29	3,78	24,55	22,92	22,08	23,43	61,86	52,94	82,05	4,39	
10:14:22-23.05.00	4281,17	4247,28	4258,87	0,09	2,18	35,06	21,68	25,33	22,35	22,85	23,02	22,60	26,11	14,09	19,92	3,37	24,72	29,49	14,42	18,15	4,46	24,60	22,98	22,03	23,44	0,24	0,57	0,22	0,03	
10:24:22-23.05.00	4266,01	4248,17	4241,04	0,07	2,25	34,81	22,36	25,98	21,30	23,45	21,91	22,59	26,09	14,14	19,95	3,40	24,72	29,38	14,46	18,22	1,34	24,56	22,95	22,10	23,46	0,24	0,62	0,24	0,05	
10:34:22-23.05.00	4218,74	4207,15	4208,04	22,85	8,55	34,72	23,95	29,25	21,81	27,00	22,46	22,59	26,11	14,09	19,90	3,05	24,70	29,46	14,42	18,21	2,32	24,52	22,98	22,06	23,43	38,29	31,98	75,11	5,31	
10:44:22-23.05.00	4222,31	4181,29	4207,15	22,85	7,97	34,82	26,61	31,80	25,79	29,74	26,19	22,62	26,08	14,14	19,94	3,16	24,74	29,43	14,49	18,27	2,56	24,55	23,03	22,06	23,40	41,37	34,48	76,14	5,46	
10:54:22-23.05.00	4215,18	4189,32	4183,97	22,84	9,06	35,00	26,58	31,89	25,85	30,05	26,40	22,61	26,10	14,15	19,95	3,08	24,68	29,40	14,47	18,23	2,38	24,52	23,00	22,08	23,41	46,61	39,37	78,11	5,72	
11:04:22-23.05.00	4205,37	4184,86	4189,32	22,83	9,09	35,05	27,75	33,05	27,42	31,20	27,91	22,60	26,09	14,10	19,98	3,14	24,76	29,44	14,43	18,20	3,66	24,49	22,90	22,02	23,42	46,16	39,63	78,16	5,74	
11:14:22-23.05.00	4233,90	4206,26	4233,01	22,83	6,37	35,39	25,92	30,36	26,01	28,03	26,54	22,61	26,05	14,11	19,98	3,30	24,73	29,48	14,51	18,24	2,56	24,56	23,04	22,06	23,41	0,08	0,75	54,97	2,66	
11:24:22-23.05.00	4212,50	4195,56	4204,48	22,83	7,86	35,52	27,14	32,45	26,49	30,48	27,00	22,60	26,13	14,03	19,97	3,08	24,69	29,51	14,46	18,22	3,23	24,53	23,06	22,06	23,42	42,29	35,25	76,48	5,52	
11:34:22-23.05.00	4213,39	4195,56	4207,15	22,86	8,61	35,62	28,00	33,22	27,64	31,43	28,22	22,62	26,10	14,14	19,99	2,98	24,69	29,46	14,46	18,25	2,14	24,55	23,03	22,05	23,44	41,93	35,45	76,63	5,50	
11:44:22-23.05.00	4269,57	4244,60	4275,81	0,09	2,01	35,93	27,32	31,35	26,78	29,19	27,37	22,59	26,15	14,12	19,95	3,30	24,72	29,42	14,42	18,24	3,91	24,55	23,05	22,07	23,37	0,17	0,87	0,16	0,03	
11:54:22-23.05.00	4162,57	4148,30	4138,49	22,79	8,51	36,03	27,38	32,50	26,90	30,66	27,40	22,60	26,11	14,15	19,98	2,97	24,73	29,47	14,43	18,22	3,11	24,51	23,03	22,02	23,38	38,42	32,34	75,02	5,32	
12:04:22-23.05.00	4153,65	4134,92	4147,41	22,80	7,93	36,18	27,94	33,09	27,73	31,20	28,16	22,61	26,17	14,16	19,96	2,98	24,70	29,46	14,50	18,18	3,05	24,52	22,98	22,02	23,33	37,97	32,39	75,06	5,31	
12:14:22-23.05.00	4150,97	4136,71	4164,35	22,83	8,95	36,44	28,24	33,29	28,02	31,48	28,38	22,61	26,15	14,12	19,94	3,15	24,70	29,47	14,42	18,31	1,95	24,53	23,07	22,04	23,41	38,10	32,34	75,27	5,30	
12:24:22-23.05.00	4146,51	4127,79	4145,62	22,80	8,58	36,56	28,33	33,48	28,23	31,51	28,55	22,62	26,12	14,09	19,90	3,17	24,72	29,47	14,46	18,22	3,05	24,51	23,03	22,01	23,34	38,34	32,20	74,79	5,30	
12:34:22-23.05.00	4160,78	4135,81	4151,87	22,82	8,17	36,72	28,50	33,46	28,14	31,74	28,73	22,59	26,10	14,11	19,94	3,28	24,73	29,49	14,49	18,26	3,05	24,54	23,06	22,07	23,43	38,40	32,64	75,07	5,32	
12:44:22-23.05.00	4231,23	4217,85	4213,39	0,11	1,80	36,60	28,09	32,15	28,36	30,11	28,69	22,56	26,08	14,10	19,97	3,25	24,72	29,45	14,46	18,25	2,62	24,50	22,95	22,02	23,32	0,36	0,51	0,23	0,04	
07:38:41-24.05.00	4292,76	4266,01	4283,84	0,06	1,43	0,14	0,16	0,18	0,13	0,06	0,12	0,04	0,05	0,08	0,08	2,73	0,08	0,01	0,12	0,06	2,93	0,02	0,06	0,10	0,07	0,27	0,17	0,49	0,03	
07:48:42-24.05.00	4277,60	4264,22	4282,06	0,11	2,72	30,76	18,98	22,65	17,31	19,82	17,74	22,45	25,90	14,14	19,90	2,92	24,62	0,09	14,32	18,23	4,58	24,67	23,48	22,23	23,98	0,17	0,65	0,57	0,05	
07:58:42-24.05.00	4283,84	4238,36	4276,71	0,07	2,25	30,75	21,45	25,16	19,09	22,45	19,85	22,53	25,87	14,10	19,91	2,81	24,59	0,07	14,38	18,16	3,11	24,68	23,24	22,18	23,73	0,11	0,46	0,52	0,05	
08:08:42-24.05.00	4244,60	4240,15	4264,22	0,11	2,66	31,22	23,88	27,53	21,25	24,86	21,94	22,54	25,90	14,20	19,89	3,00	24,67	0,04	14,37	18,27	1,16	24,65	23,21	22,18	23,68	0,08	0,44	0,72	0,04	
08:18:42-24.05.00	4263,33	4233,90	4285,62	0,09	2,18	31,59	22,40	26,01	20,23	23,36	20,95	22,49	25,94	14,08	19,88	2,84	24,71	0,02	14,46	18,20	2,14	24,64	23,06	22,13	23,61	0,25	0,52	0,45	0,03	
08:28:42-24.05.00	4268,68	4240,15	4270,46	0,10	2,04	31,86	25,02	28,27	22,24	25,82	22,91	22,57	26,00	14,10	19,91	3,16	24,64	0,03	14,44	18,21	4,88	24,63	22,98	22,11	23,53	0,08	0,68	0,67	0,02	
08:38:42-24.05.00	4283,84	4245,50	4266,90	0,09	2,55	32,19	22,69	26,21	24,21	23,41	24,70	22,58	25,94	14,11	19,90	3,28	24,68	0,02	14,37	18,19	4,82	24,64	23,03	22,16	23,58	0,11	0,52	0,61	0,06	
08:48:42-24.05.00	4287,41	4256,20	4289,19	0,08	1,70	32,98	20,39	24,35	19,99	21,62	20,74	22,48	25,95	14,12	19,92	3,39	24,69	29,44	14,41	18,16	2,62	24,61	22,96	22,12	23,52	0,14	1,08	0,36	0,04	
08:58:42-24.05.00	4274,03	4253,52	4272,25	0,08	1,50	33,29	23,83	27,20	21,12	24,52	21,87	22,58	26,03	14,10	19,90	3,53	24,69	29,44	14,38	18,13	2,56	24,64	23,00	22,12	23,53	0,17	0,70	0,17	0,03	
07:40:05-29.05.00	4208,04	4174,16	4197,34	0,06	2,11	0,09	0,18	0,20	0,16	0,07	0,15	0,06	0,08	0,06	0,04	2,70	0,09	0,01	0,10	0,04	3,05	0,04	0,09	0,12	0,05	0,30	0,44	0,64	0,04	
07:50:07-29.05.00	4188,43	4155,43	4191,99	0,08	2,32	30,55	17,17	21,21	15,86	18,26	16,65	22,50	25,79	14,18	19,91	3,08	24,68	29,39	14,42	18,19	3,17	24,71	23,49	22,25	23,96	0,06	0,51	0,44	0,04	
08:00:07-29.05.00	4198,23	4172,37	4159,89	0,05	1,23	30,79	19,70	23,50	17,52	20,69	18,39	22,48	25,88	14,18	19,96	2,92	24,73	29,33	14,44	18,21	4,27	24,72	23,21	22,23	23,68	0,11	0,68	0,53	0,03	
08:10:07-29.05.00	4274,92	4233,01	4273,14	0,07	1,50	31,12	22,20	25,81	19,68	23,24	20,49	22,55	25,93	14,14	19,95	2,84	24,69	29,40	14,38	18,17	3,72	24,68	23,05	22,17	23,58	0,19	0,63	0,30	0,05	
08:20:07-29.05.00	4272,25	4248,17	4266,90	22,80	0,95	31,57	23,18	26,81	22,32	24,24	22,67	22,49	26,00	14,15	19,98	2,92	24,67	29,43	14,43	18,16	4,03	24,63	23,12	22,20	23,62	0,08	0,67	22,05	0,03	
08:30:07-29.05.00	4245,50	4213,39	4218,74	22,84	7,66	31,95	25,31	30,34	23,93	28,03	24,33	22,53	25,98	14,22	19,92	2,95	24,73	29,43	14,45	18,20	2,38	24,62	23,00	22,20	23,61	48,53	41,40	70,85	4,77	
08:40:07-29.05.00	4242,82	4221,42	4249,06	22,82	8,10	32,46	26,82	31,64	26,21	29,46	26,51	22,55	26,02	14,19	19,95	3,04	24,76	29,45	14,37	18,16	4,70	24,61	23,02	22,15	23,58	49,46	43,08	71,29	4,81	
08:50:07-29.05.00	4237,47	4218,74	4259,76	22,86	8,44	32,82	27,68	32,46	27,22	30,19	27,40	22,56	26,04	14,15	19,93	3,12	24,66	29,39	14,46	18,22	2,08	24,61	23,02	22,15	23,53	48,45	43,18	71,01	4,80	
09:00:07-29.05.00	4227,66	4223,20	4238,36	22,82	7,86	33,25	27,94	32,78	27,47	30,83	27,92	22,55	26,05	14,18	19,93	3,02	24,68	29,45	14,50	18,17	3,85	24,61	23,01	22,18	23,57	47,64	42,45	71,10	4,79	
09:10:07-29.05.00	4255,31	4222,31	4254,41	22,81	8,07	33,78	28,64	33,29	28,01	31,39	28,55	22,59	26,05	14,11	19,94	3,00	24,70	29,42	14,45	18,18	3,60	24,63	22,95	22,11	23,53	47,50	42,45	71,14	4,79	
09:20:07-29.05.00	4266,90	4218,74	4259,76	22,81	7,66	34,12	28,96	33,67	28,44	31,65	29,04	22,53	26,05	14,13	19,97	2,93	24,68	29,43	14,46	18,22	3,54	24,64	23,05	22,12	23,52	46,73	42,43	71,37	4,79	
09:30:07-29.05.00	4245,50	4230,34	4199,13	22,82	8,07	34,43	29,22	33,89	28,81	31,95	29,30	22,54	26,12	14,07	19,95	3,06	24,71	29,45	14,50	18,23	3,60	24,55	22,99	22,09	23,46	45,75	42,07	71,33	4,77	
09:40:07-29.05.00	4230,34	4209,83	4224,99	22,81	7,97	34,96	29,52	34,09	29,00	32,17	29,54	22,52	26,14	14,19	19,98	3,16	24,72	29,43	14,48	18,28	3,48	24,60	23,00	22,10	23,44	44,69	40,86	70,91	4,71	
09:50:07-29.05.00	4248,17	4224,99	4266,01	22,81	8,27	35,13	30,00	34,67	29,49	32,76	30,00	22,61	26,09	14,12	19,88	3,04	24,76	29,42	14,52	18,22	4,15	24,56	22,92	22,09	23,44	46,00	41,91	71,37	4,78	
10:00:07-29.05.00	4249,06	4222,31	4251,74	22,82	7,97	35,72	29,95	34,64	29,74	32,84	30,18	22,63	26,08	14,14	19,94	3,20	24,69	29,45	14,51	18,24	4,27	24,57	22,88	22,08	23,43	45,20	41,61	71,28	4,75	
10:10:07-29.05.00	4250,85	4235,69	4241,04	22,81	8,20	36,05	29,77	34,52	29,79	32,70	30,15	22,61	26,12	14,09	19,90	3,12	24,76	29,40	14,47	18,23	4,88	24,54	22,92	22,06	23,42	45,67	41,47	71,21	4,77	
10:20:07-29.05.00	4243,71	4219,64	4240,15	22,81	7,83	36,32	29,70	34,46	29,72	32,63	30,13	22,57	26,13	14,21	19,92	3,07	24,74	29,43	14,49	18,26	3,66	24,49	23,04	22,04	23,40	44,70	41,31	71,18	4,75	
10:30:07-29.05.00	4254,41	4224,99	4216,96	22,84	8,00	36,80	29,86	34,67	29,79	32,72	30,19	22,60	26,16	14,12	19,99	3,00	24,67	29,42	14,46	18,30	2,81	24,52	22,96	22,04	23,37	44,07	40,37	71,08	4,74	
10:40:07-29.05.00	4232,12	4209,83	4249,06	22,84	8,85	37,02	29,92	34,65	29,83	32,79	30,37	22,65	26,14	14,14	19,92	3,11	24,75	29,43	14,46	18,29	1,83	24,54	22,95	22,03	23,39	44,45	40,82	71,04	4,75	
10:50:07-29.05.00	4221,42	4203,58	4243,71	22,82	8,14	37,25	29,72	34,47	29,79	32,71	30,29	22,60	26,11	14,15	19,95	3,05	24,69	29,42	14,47	18,26	2,26	24,53	22,96	22,05	23,38	43,85	40,45	71,09	4,72	
11:00:07-29.05.00	4241,04	4214,29	4213,39	22,82	8,07	37,34	29,70	34,50	29,72	32,53	30,16	22,60	26,16	14,14	19,91	3,07	24,75	29,44	14,48	18,22	4,09	24,50	22,93	22,02	23,39	43,72	40,72	71,22	4,75	
11:10:07-29.05.00	4208,94	4173,27	4194,67	22,82	7,86	37,54	29,93	34,57	29,71	32,87	30,13	22,53	26,21	14,18	20,00	3,09	24,71	29,42	14,47	18,32	4,21	24,51	22,93	22,04	23,38	42,37	39,64	70,57	4,67	
11:20:08-29.05.00	4235,69	4210,72	4243,71	22,81	7,83	37,69	29,86	34,56	29,93	32,63	30,27	22,60	26,15	14,09	19,97	3,11	24,75	29,41	14,48	18,32	2,87	24,52	22,91	22,03	23,38	43,61	40,37	71,10	4,71	
11:30:08-29.05.00	4204,48	4188,43	4195,56	22,81	8,61	37,92	30,10	35,18	30,03	33,36	30,58	22,56	26,14	14,16	20,03	2,97	24,73	29,42	14,47	18,35	3,60	24,49	22,94	22,02	23,36	61,81	55,03	75,89	5,40	
11:40:08-29.05.00	4210,72	4169,70	4202,69	22,82	8,14	38,17	31,05	35,94	31,03	34,29	31,45	22,54	26,10	14,12	19,92	3,17	24,73	29,40	14,52	18,28	1,71	24,54	23,05	22,07	23,37	61,67	55,48	75,73	5,41	
11:50:08-29.05.00	4205,37	4198,23	4200,91	22,81	8,48	38,39	30,91	35,82	31,38	34,29	31,82	22,55	26,16	14,13	19,95	2,92	24,71	29,42	14,47	18,30	6,04	24,50	22,96	22,09	23,41	62,49	56,16	75,93	5,43	
12:00:08-29.05.00	4210,72	4201,80	4197,34	22,85	8,55	38,46	31,04	35,81	31,29	34,17	31,77	22,62	26,08	14,10	19,96	2,95	24,70	29,39	14,46	18,29	2,93	24,50	22,94	22,03	23,38	62,03	55,72	75,97	5,45	
12:10:08-29.05.00	4241,04	4212,50	4209,83	22,82	8,41	38,68	29,45	34,63	30,94	32,87	31,25	22,65	26,15	14,17	20,03	2,96	24,74	29,44	14,44	18,33	2,08	24,52	22,92	22,05	23,38	64,00	57,29	76,24	5,49	
12:20:08-29.05.00	4227,66	4200,02	4222,31	22,80	8,75	38,70	28,39	33,46	29,46	31,62	29,99	22,66	26,17	14,13	19,92	3,05	24,73	29,38	14,50	18,30	1,83	24,53	22,93	22,08	23,40	62,94	56,40	76,18	5,49	
12:30:08-29.05.00	4221,42	4212,50	4222,31	22,85	8,89	38,74	27,99	33,18	28,88	31,48	29,36	22,59	26,14	14,18	19,96	3,01	24,74	29,36	14,49	18,34	1,83	24,53	22,92	22,07	23,43	74,28	64,19	78,39	5,79	
12:40:08-29.05.00	4209,83	4185,75	4206,26	22,81	9,36	38,81	28,28	33,38	29,16	31,72	29,66	22,51	26,17	14,16	19,92	3,08	24,68	29,44	14,45	18,29	2,14	24,54	22,89	22,08	23,44	73,20	63,14	78,11	5,76	
12:50:08-29.05.00	4268,68	4238,36	4257,09	22,84	6,33	38,78	29,03	34,08	29,64	32,51	30,09	22,62	26,14	14,11	19,99	3,10	24,77	29,45	14,49	18,29	3,54	24,45	22,93	22,03	23,38	10,00	7,68	58,56	2,94	
06:33:45-30.05.00	4233,90	4210,72	4236,58	0,07	1,67	0,18	0,14	0,21	0,18	0,08	0,07	0,04	0,08	0,07	0,02	2,70	0,05	0,01	0,09	0,07	4,76	0,03	0,05	0,11	0,06	0,11	0,30	0,58	0,03	
06:43:45-30.05.00	4225,88	4206,26	4216,96	0,04	1,67	31,84	21,63	25,20	19,18	22,40	19,82	22,51	25,84	14,20	19,99	2,87	24,66	29,41	14,36	18,27	4,76	24,72	23,49	22,25	23,92	0,14	0,68	0,48	0,03	
06:53:45-30.05.00	4222,31	4214,29	4225,88	0,07	1,57	32,15	23,99	27,38	21,30	24,80	21,90	22,51	25,93	14,17	19,93	3,12	24,66	29,42	14,45	18,24	3,48	24,69	23,14	22,20	23,70	0,06	0,44	0,47	0,05	
07:03:45-30.05.00	4238,36	4204,48	4234,80	0,04	1,57	32,50	26,27	29,49	23,27	27,01	24,01	22,55	25,91	14,12	19,95	3,08	24,69	29,51	14,44	18,23	3,78	24,74	23,12	22,23	23,70	0,10	0,76	0,65	0,06	
07:13:46-30.05.00	4228,55	4214,29	4239,25	0,13	1,94	32,64	22,33	27,63	22,62	25,24	22,88	22,59	25,96	14,19	19,91	2,85	24,69	29,42	14,43	18,24	4,70	24,74	23,12	22,24	23,73	0,06	0,60	0,45	0,02	
07:23:46-30.05.00	4149,19	4133,14	4137,60	22,83	8,17	33,18	25,35	30,38	24,64	28,50	25,12	22,53	25,98	14,12	20,00	3,02	24,68	29,38	14,44	18,31	1,65	24,73	23,09	22,23	23,67	75,70	66,75	77,94	5,76	
07:33:46-30.05.00	4275,81	4223,20	4269,57	22,80	1,12	33,73	24,97	28,72	25,05	26,27	25,80	22,55	26,05	14,15	19,93	3,09	24,69	29,42	14,43	18,23	3,17	24,72	23,13	22,17	23,60	0,06	0,65	22,08	0,03	
07:43:46-30.05.00	4203,58	4165,24	4195,56	22,83	9,19	34,03	26,55	31,62	25,93	29,66	26,40	22,54	26,00	14,13	19,96	2,95	24,69	29,39	14,42	18,19	4,15	24,66	23,07	22,18	23,61	70,43	61,79	77,03	5,60	
07:53:46-30.05.00	4211,61	4165,24	4187,53	22,84	9,26	34,49	27,14	32,25	27,23	30,27	27,70	22,62	26,07	14,14	20,01	2,95	24,70	29,44	14,41	18,26	2,32	24,63	22,98	22,12	23,59	68,60	61,38	76,74	5,57	
08:03:46-30.05.00	4213,39	4195,56	4217,85	22,80	8,68	34,81	26,55	31,79	27,46	29,68	27,91	22,62	25,99	14,04	19,93	2,96	24,70	29,39	14,46	18,25	4,21	24,67	23,02	22,17	23,63	70,06	62,33	76,85	5,60	
08:13:46-30.05.00	4217,85	4172,37	4211,61	22,80	8,95	35,05	27,10	32,33	27,41	30,35	27,87	22,59	26,04	14,21	19,95	3,09	24,73	29,44	14,43	18,24	4,39	24,61	22,91	22,12	23,54	68,70	61,70	76,95	5,56	
08:23:46-30.05.00	4201,80	4175,05	4186,64	22,82	8,31	35,41	27,56	32,57	28,00	30,51	28,52	22,62	26,08	14,12	19,95	3,03	24,71	29,47	14,42	18,19	2,62	24,61	22,96	22,10	23,58	67,87	61,06	76,68	5,54	
08:33:46-30.05.00	4205,37	4187,53	4200,91	22,81	8,68	35,68	26,78	31,98	27,40	30,04	27,81	22,58	26,01	14,14	19,95	3,19	24,65	29,47	14,47	18,19	1,59	24,62	22,99	22,13	23,58	66,97	60,10	76,57	5,53	
08:43:46-30.05.00	4195,56	4164,35	4185,75	22,82	8,44	35,82	27,82	32,96	27,95	30,96	28,45	22,58	26,05	14,12	19,92	2,97	24,72	29,41	14,42	18,20	3,11	24,60	23,00	22,11	23,55	66,71	59,75	76,53	5,52	
08:53:46-30.05.00	4182,18	4174,16	4213,39	22,82	8,58	36,15	26,97	32,00	27,80	30,04	28,32	22,62	26,04	14,08	19,92	2,91	24,71	29,44	14,46	18,21	5,19	24,64	23,13	22,16	23,59	66,95	59,78	76,59	5,53	
09:03:46-30.05.00	4202,69	4175,94	4177,73	22,82	8,95	36,22	27,84	32,88	27,73	30,91	28,34	22,60	26,09	14,24	20,00	3,11	24,70	29,47	14,50	18,27	4,27	24,62	23,11	22,08	23,59	66,63	59,79	76,55	5,54	
09:13:46-30.05.00	4211,61	4167,02	4186,64	22,85	7,93	36,46	27,48	32,56	28,23	30,72	28,81	22,57	26,06	14,16	19,95	2,94	24,70	29,45	14,44	18,27	3,23	24,64	23,12	22,13	23,55	66,25	59,11	76,77	5,52	
09:23:46-30.05.00	4197,34	4184,86	4199,13	22,81	8,75	36,61	27,15	32,29	27,76	30,27	28,37	22,58	26,12	14,12	19,91	3,11	24,71	29,43	14,48	18,25	1,71	24,65	23,11	22,17	23,57	65,84	59,38	76,39	5,50	
09:33:46-30.05.00	4184,86	4172,37	4183,08	22,79	9,16	36,77	27,34	32,35	27,75	30,30	28,39	22,60	26,15	14,12	20,02	2,91	24,74	29,42	14,44	18,24	3,72	24,59	23,07	22,12	23,55	65,33	58,84	76,49	5,53	
09:43:46-30.05.00	4179,51	4155,43	4166,13	22,81	8,61	36,88	27,43	32,46	27,90	30,46	28,47	22,59	26,16	14,14	19,89	3,03	24,73	29,45	14,46	18,27	2,14	24,61	23,13	22,13	23,57	65,43	58,59	76,40	5,51	
09:53:46-30.05.00	4200,02	4191,10	4207,15	22,83	8,38	36,60	27,57	32,59	27,89	30,68	28,69	22,63	26,11	14,13	19,93	3,19	24,74	29,39	14,47	18,31	2,87	24,62	23,11	22,11	23,54	66,98	59,78	76,77	5,58	
10:03:46-30.05.00	4233,90	4153,65	4195,56	22,80	8,92	36,98	27,85	32,79	28,36	30,92	28,77	22,56	26,11	14,16	19,98	2,95	24,71	29,43	14,46	18,31	3,05	24,61	22,94	22,11	23,55	66,65	59,53	76,88	5,56	
10:13:46-30.05.00	4203,58	4198,23	4213,39	22,84	8,61	36,88	27,89	32,82	28,34	31,04	28,92	22,61	26,18	14,12	19,95	2,99	24,74	29,43	14,45	18,25	2,69	24,55	22,98	22,07	23,50	67,30	60,16	77,00	5,60	
10:23:46-30.05.00	4190,21	4175,05	4174,16	22,83	8,72	37,06	28,10	33,05	28,47	31,17	29,24	22,60	26,18	14,15	19,93	2,95	24,67	29,46	14,46	18,27	4,82	24,58	23,00	22,10	23,51	65,83	58,27	76,67	5,52	
10:33:46-30.05.00	4186,64	4175,94	4181,29	22,82	9,09	37,12	28,09	33,22	28,61	31,29	29,21	22,62	26,06	14,18	19,98	2,92	24,72	29,44	14,48	18,31	4,21	24,59	22,94	22,11	23,58	65,03	58,84	76,76	5,52	
10:43:46-30.05.00	4194,67	4173,27	4198,23	22,85	7,22	37,62	28,05	33,08	28,50	31,28	29,13	22,61	26,18	14,10	19,90	3,14	24,80	29,46	14,48	18,35	1,16	24,52	23,11	22,08	23,51	64,73	58,22	76,48	5,52	
10:53:46-30.05.00	4190,21	4160,78	4181,29	22,82	8,34	37,73	26,84	31,13	28,07	28,95	28,70	22,58	26,12	14,13	20,05	2,94	24,75	29,40	14,46	18,31	4,09	24,55	22,91	22,07	23,49	61,08	54,80	75,96	5,43	
11:03:47-30.05.00	4185,75	4172,37	4183,97	22,80	9,81	37,81	28,06	33,00	28,12	31,02	28,78	22,58	26,11	14,12	19,94	3,01	24,78	29,43	14,51	18,30	4,03	24,52	22,95	22,07	23,54	61,54	55,83	76,11	5,44	
11:13:47-30.05.00	4186,64	4158,11	4183,08	22,85	8,38	37,99	28,22	33,34	28,69	31,45	29,28	22,58	26,17	14,15	19,98	3,01	24,78	29,39	14,48	18,34	1,89	24,52	22,94	22,05	23,50	61,70	55,56	76,23	5,43	
11:23:47-30.05.00	4175,05	4156,32	4175,94	22,81	8,51	38,02	28,41	33,43	28,89	31,60	29,57	22,60	26,20	14,14	19,99	2,92	24,73	29,44	14,51	18,35	4,27	24,55	22,99	22,08	23,49	61,33	55,59	75,80	5,42	
11:33:47-30.05.00	4233,90	4187,53	4213,39	22,82	8,41	38,04	28,23	33,33	28,81	31,28	29,50	22,68	26,13	14,13	19,98	3,11	24,74	29,44	14,44	18,29	2,69	24,54	22,98	22,06	23,46	65,16	57,76	76,67	5,53	
11:43:47-30.05.00	4218,74	4230,34	4233,01	22,81	8,44	38,07	27,81	33,07	28,54	31,17	29,33	22,66	26,22	14,15	19,99	3,13	24,75	29,42	14,47	18,33	4,52	24,56	22,94	22,07	23,52	65,46	58,08	76,51	5,54	
11:53:47-30.05.00	4210,72	4198,23	4212,50	22,83	8,55	38,18	27,56	32,79	28,30	30,83	29,04	22,67	26,16	14,15	19,94	3,05	24,73	29,42	14,48	18,29	3,23	24,53	22,96	22,09	23,52	63,81	57,11	76,58	5,51	
12:03:47-30.05.00	4224,99	4190,21	4209,83	22,82	7,49	38,17	27,36	32,37	28,02	30,49	28,71	22,59	26,17	14,17	19,96	3,00	24,70	29,38	14,47	18,26	3,36	24,50	22,91	22,03	23,44	64,21	56,94	76,48	5,52	
12:13:47-30.05.00	4224,09	4209,83	4222,31	22,83	8,82	38,21	27,89	33,02	28,04	31,07	28,85	22,63	26,13	14,13	19,92	3,12	24,77	29,46	14,44	18,34	2,69	24,56	22,97	22,08	23,52	64,57	57,35	76,54	5,52	
12:23:47-30.05.00	4216,96	4205,37	4233,01	22,84	8,41	38,10	27,92	32,92	28,67	31,07	29,35	22,59	26,16	14,11	19,97	2,87	24,68	29,43	14,50	18,31	5,07	24,56	22,93	22,08	23,52	64,64	57,68	76,68	5,54	
12:33:47-30.05.00	4233,01	4211,61	4221,42	22,85	8,85	38,12	27,33	32,49	28,18	30,49	28,55	22,63	26,15	14,07	19,92	3,17	24,72	29,46	14,47	18,38	2,14	24,56	22,95	22,08	23,49	64,78	56,78	76,68	5,53	
12:43:47-30.05.00	4223,20	4193,78	4215,18	22,82	8,65	38,16	28,30	33,28	28,33	31,43	29,14	22,59	26,11	14,15	19,97	2,93	24,77	29,40	14,45	18,28	4,21	24,54	22,98	22,05	23,46	64,30	56,91	76,60	5,51	
12:53:47-30.05.00	4306,13	4249,06	4290,08	0,09	2,18	38,10	24,85	28,50	27,37	26,08	27,93	22,65	26,15	14,10	19,95	3,03	24,75	29,45	14,48	18,33	4,88	24,57	22,95	22,09	23,50	0,19	0,67	0,10	0,04	
10:15:21-31.05.00	4272,25	4248,17	4277,60	0,06	2,14	0,16	0,17	0,20	0,18	0,16	0,09	0,03	0,05	0,06	0,07	2,78	0,04	0,02	0,10	0,05	4,39	0,03	0,04	0,09	0,08	0,25	0,14	0,58	0,03	
10:25:21-31.05.00	4275,81	4242,82	4273,14	0,16	2,79	31,08	20,44	24,14	18,30	21,30	18,93	22,49	25,83	14,15	19,92	2,88	24,58	29,36	14,38	18,23	2,93	24,74	23,37	22,27	23,93	0,06	0,32	0,75	0,02	
10:35:22-31.05.00	4271,36	4267,79	4285,62	0,14	3,64	31,24	17,54	21,58	19,04	18,53	19,38	22,55	25,84	14,12	19,91	3,05	24,63	29,43	14,39	18,27	1,77	24,76	23,27	22,25	23,77	0,06	0,43	0,53	0,05	
10:45:22-31.05.00	4272,25	4248,17	4246,39	0,11	3,06	31,54	18,17	22,02	16,94	19,05	17,66	22,53	25,92	14,16	19,83	2,89	24,64	29,47	14,44	18,29	2,26	24,65	23,13	22,17	23,68	0,16	0,46	0,61	0,04	
10:55:22-31.05.00	4266,90	4228,55	4266,01	0,11	2,55	31,85	19,14	22,99	17,69	20,18	18,52	22,53	25,87	14,11	19,96	2,85	24,67	29,39	14,40	18,24	3,85	24,67	22,97	22,21	23,62	0,19	0,41	0,25	0,04	
11:05:22-31.05.00	4264,22	4237,47	4249,96	0,11	3,27	32,27	19,90	23,79	18,42	20,89	19,10	22,55	25,96	14,11	19,91	3,11	24,60	29,45	14,38	18,28	5,80	24,61	22,98	22,15	23,62	0,25	0,75	0,18	0,07	
11:15:22-31.05.00	4269,57	4244,60	4269,57	0,08	2,11	32,48	20,88	24,59	18,97	21,73	19,92	22,55	25,96	14,16	19,93	3,16	24,66	29,43	14,41	18,27	2,62	24,64	23,04	22,15	23,53	0,08	0,43	0,22	0,02	
11:25:22-31.05.00	4271,36	4232,12	4263,33	0,17	4,12	32,70	21,81	25,45	19,87	22,73	20,67	22,56	25,93	14,19	19,95	3,16	24,73	29,42	14,42	18,29	5,37	24,66	23,12	22,16	23,60	0,19	0,41	0,22	0,04	
11:35:22-31.05.00	4226,77	4191,99	4218,74	22,82	28,33	32,89	20,82	25,51	19,60	22,96	20,26	22,56	25,97	14,13	19,89	3,17	24,60	29,40	14,42	18,22	3,36	24,62	23,00	22,12	23,53	0,17	0,60	54,97	3,34	
11:45:22-31.05.00	4270,46	4254,41	4271,36	0,20	4,22	33,20	22,30	25,93	22,41	23,16	22,74	22,60	25,95	14,13	19,94	3,30	24,68	29,39	14,34	18,23	5,19	24,61	22,99	22,16	23,55	0,21	0,90	0,65	0,05	
11:55:22-31.05.00	4265,11	4231,23	4243,71	22,81	2,32	33,29	22,38	26,00	21,84	23,46	22,57	22,57	26,00	14,14	19,92	3,28	24,67	29,42	14,41	18,29	3,54	24,62	22,97	22,12	23,58	0,17	0,81	21,82	0,04	
12:16:13-31.05.00	4204,48	4159,00	4194,67	22,82	41,57	33,00	21,59	26,34	20,96	23,68	21,36	22,57	26,03	14,13	19,92	3,11	24,69	29,35	14,41	18,31	2,01	24,69	23,02	22,17	23,54	55,34	46,70	72,67	6,24	
